BULKHEAD__GRID__INERTIAL for LC002
GRID,3800201,0,12.55,0.001624678659331315,-0.006779146668595562
GRID,3800202,0,13.08,-0.02149850890968878,0.02638549355449256
GRID,3800203,0,13.505,0,0
GRID,3800204,0,13.93,0,0
GRID,3800205,0,14.53,0,0
GRID,3800206,0,14.535,0,0.04901603498542274

BULKHEAD__FORCE__INERTIAL for LC002
FORCE,2,3800201,0,1.0,25.79930118700851,0.08266694611633466,-132.7177382474426
FORCE,2,3800202,0,1.0,12.6933757014871,0.04057655962533678,-65.22715301724337
FORCE,2,3800203,0,1.0,6.512772899312917,0.02324994980125639,-33.40869686061946
FORCE,2,3800204,0,1.0,11.53464611919308,0.04330369372641274,-59.09210296278264
FORCE,2,3800205,0,1.0,1.046568261107316,0.00420140207660121,-5.351665642634251
FORCE,2,3800206,0,1.0,9.489289038241829,0.03478892092065429,-48.5606608198657

BULKHEAD__GRID__AERO for LC002
GRID,3800207,0,12.55,0.0022,-0.3755
GRID,3800208,0,13.08,0.0002,0.2158
GRID,3800209,0,13.505,0.0002,-0.4659
GRID,3800210,0,13.93,0.0009,0.0186
GRID,3800211,0,14.53,-0.0012,0.0413
GRID,3800212,0,14.535,-0.0003,0.2974

BULKHEAD__FORCE__AERO for LC002
FORCE,2,3800207,0,1.0,5.477633770034934,0.07847071400533014,-17.94582463260047
FORCE,2,3800208,0,1.0,-0.286433024506148,0.07697887533602728,16.41131937735555
FORCE,2,3800209,0,1.0,-5.75780107213001,-0.00815538472552227,24.65253455431838
FORCE,2,3800210,0,1.0,-13.27418156763422,-0.09696951350468554,26.49604932593156
FORCE,2,3800211,0,1.0,-9.933855331153847,0.05927572312696675,8.691054263713282
FORCE,2,3800212,0,1.0,-19.13501896385742,0.02963786156348337,1.861615747467389

HT-VT__GRID_INERTIAL for LC002
GRID,3900201,0,14.29152702061045,0.0006616671618135762,1.819961532994339
GRID,3900202,0,15.26238993917813,-0.01546364581296504,3.100764533956303
GRID,3900203,0,14.94230853446131,0.3738708633988555,3.148615078377706

HT-VT__FORCE__INERTIAL for LC002
FORCE,2,3900201,0,1.0,81.90713361585183,-0.7765394893648802,-431.5426361829107
FORCE,2,3900202,0,1.0,53.30490159160651,-1.009991282867614,-285.9631210586247
FORCE,2,3900203,0,1.0,2.202597469380056,-0.04289562891186826,-11.83290842467576

HT-VT__MOMENT__INERTIAL for LC002
MOMENT,2,3900201,0,1.0,0.2460006802558681,-0.8932656567777457,0.1645691042010978
MOMENT,2,3900202,0,1.0,0.91634841417508,-0.0101509190194505,0.05654840748843332
MOMENT,2,3900203,0,1.0,0,0,0

HT-VT__GRID__AERO for LC002
GRID,3900204,0,15.607,-0.025,0.8
GRID,3900205,0,15.066,-1.482,3.095
GRID,3900206,0,15.061,1.487,3.095

HT-VT__FORCE__AERO for LC002
FORCE,2,3900204,0,1.0,30.72193099651011,0.2685309604745138,24.79435868381344
FORCE,2,3900205,0,1.0,-4.85344847079862,-18.98613346466099,394.3029058878731
FORCE,2,3900206,0,1.0,-5.131925022401819,19.10548055820522,393.1492173169456

VF__GRID__INERTIAL for LC002
GRID,3950201,0,13.65,0,-0.5

VF__FORCE__INERTIAL for LC002
FORCE,2,3950201,0,1.0,10.46457948132259,0.07513987877397069,-53.23616686218046

VF__MOMENT__INERTIAL for LC002
MOMENT,2,3950201,0,1.0,0,0,0

VF__GRID__AERO for LC002
GRID,3950202,0,13.984,0.002,-0.26

VF__FORCE__INERTIAL for LC002
FORCE,2,3950202,0,1.0,-0.3978236451474279,-0.1094015024155427,2.973731747477023

