BULKHEAD__GRID__INERTIAL for LC009
GRID,3800901,0,12.55,0.001624678659331315,-0.006779146668595562
GRID,3800902,0,13.08,-0.02149850890968878,0.02638549355449256
GRID,3800903,0,13.505,0,0
GRID,3800904,0,13.93,0,0
GRID,3800905,0,14.53,0,0
GRID,3800906,0,14.535,0,0.04901603498542274

BULKHEAD__FORCE__INERTIAL for LC009
FORCE,9,3800901,0,1.0,3.893539912298914,-0.01524299984002563,-119.995789404256
FORCE,9,3800902,0,1.0,1.876374272783061,-0.003445604177318769,-58.42276330094243
FORCE,9,3800903,0,1.0,0.978764993112419,-0.002140251418565475,-29.69944277638562
FORCE,9,3800904,0,1.0,1.733471749121982,-0.00265021090192688,-52.13079657096683
FORCE,9,3800905,0,1.0,0.1572823730706846,-9.438994917734724e-05,-4.669846312674764
FORCE,9,3800906,0,1.0,1.382628678103711,0.001909275265030153,-42.36998557540669

BULKHEAD__GRID__AERO for LC009
GRID,3800907,0,12.55,-0.0001,0.0827
GRID,3800908,0,13.08,0.0005,2.5515
GRID,3800909,0,13.505,0.0003,-1.8796
GRID,3800910,0,13.93,0.0001,-0.113
GRID,3800911,0,14.53,-0.0002,0.0585
GRID,3800912,0,14.535,-0.0001,0.3028

BULKHEAD__FORCE__AERO for LC009
FORCE,9,3800907,0,1.0,17.19626517442292,0.049353445562079,29.99224936708536
FORCE,9,3800908,0,1.0,7.083322868851798,0.02598077723694809,114.9915219220196
FORCE,9,3800909,0,1.0,-7.154443992639427,-0.01584927723335057,101.7920833430753
FORCE,9,3800910,0,1.0,-26.07306416767393,-0.02557952971205314,79.85899082538621
FORCE,9,3800911,0,1.0,-21.08525649758601,0.01966112871985261,16.3357898572857
FORCE,9,3800912,0,1.0,-38.0463906224205,0.009830564359926304,-6.494391814187233

HT-VT__GRID_INERTIAL for LC009
GRID,3900901,0,14.29152702061045,0.0006616671618135762,1.819961532994339
GRID,3900902,0,15.26238993917813,-0.01546364581296504,3.100764533956303
GRID,3900903,0,14.94230853446131,0.3738708633988555,3.148615078377706

HT-VT__FORCE__INERTIAL for LC009
FORCE,9,3900901,0,1.0,-2.019656070500863,0.895989287734579,-378.2116263567408
FORCE,9,3900902,0,1.0,-8.21458622811446,1.032988870194548,-246.155597404675
FORCE,9,3900903,0,1.0,-0.3505924555607333,0.04320923528818892,-10.25760170067072

HT-VT__MOMENT__INERTIAL for LC009
MOMENT,9,3900901,0,1.0,-0.1873474699958959,-5.415730894095852,-0.1188461436686884
MOMENT,9,3900902,0,1.0,-0.7523858371682905,-0.06155469385290901,0.03202060005235487
MOMENT,9,3900903,0,1.0,0,0,0

HT-VT__GRID__AERO for LC009
GRID,3900904,0,14.823,0.061,1.478
GRID,3900905,0,14.937,-1.155,3.051
GRID,3900906,0,14.925,1.141,3.048

HT-VT__FORCE__AERO for LC009
FORCE,9,3900904,0,1.0,100.853565382346,-2.808732674264658,39.08150892476824
FORCE,9,3900905,0,1.0,38.81066684546416,-35.23956387389909,-508.3204269131689
FORCE,9,3900906,0,1.0,39.56300595464219,34.55744308157767,-502.1612774060314

VF__GRID__INERTIAL for LC009
GRID,3950901,0,13.65,0,-0.5

VF__FORCE__INERTIAL for LC009
FORCE,9,3950901,0,1.0,2.057328649738966,-0.03378368246037457,-47.20253866233306

VF__MOMENT__INERTIAL for LC009
MOMENT,9,3950901,0,1.0,0,0,0

VF__GRID__AERO for LC009
GRID,3950902,0,13.879,-0.003,-0.259

VF__FORCE__INERTIAL for LC009
FORCE,9,3950902,0,1.0,-0.6219336635871744,-0.1705301980803543,8.887632676423168

