BULKHEAD__GRID__INERTIAL for LC001
GRID,3800101,0,12.55,0.001624678659331315,-0.006779146668595562
GRID,3800102,0,13.08,-0.02149850890968878,0.02638549355449256
GRID,3800103,0,13.505,0,0
GRID,3800104,0,13.93,0,0
GRID,3800105,0,14.53,0,0
GRID,3800106,0,14.535,0,0.04901603498542274

BULKHEAD__FORCE__INERTIAL for LC001
FORCE,1,3800101,0,1.0,22.99609270704376,-0.147187648175414,-162.9019395565245
FORCE,1,3800102,0,1.0,11.39433462428605,-0.07561268719506206,-81.37986909897485
FORCE,1,3800103,0,1.0,5.813552253996922,-0.04036305820968747,-42.22743503959855
FORCE,1,3800104,0,1.0,10.29626995781876,-0.07403948231843824,-75.65528532652922
FORCE,1,3800105,0,1.0,0.9342071906060094,-0.00704484731673987,-6.975468066195671
FORCE,1,3800106,0,1.0,8.559399388078015,-0.06356681095350877,-63.30431262842502

BULKHEAD__GRID__AERO for LC001
GRID,3800107,0,12.55,0.0022,-0.3755
GRID,3800108,0,13.08,0.0002,0.2158
GRID,3800109,0,13.505,0.0002,-0.4659
GRID,3800110,0,13.93,0.0009,0.0186
GRID,3800111,0,14.53,-0.0012,0.0413
GRID,3800112,0,14.535,-0.0003,0.2974

BULKHEAD__FORCE__AERO for LC001
FORCE,1,3800107,0,1.0,5.477633770034934,0.07847071400533014,-17.94582463260047
FORCE,1,3800108,0,1.0,-0.286433024506148,0.07697887533602728,16.41131937735555
FORCE,1,3800109,0,1.0,-5.75780107213001,-0.00815538472552227,24.65253455431838
FORCE,1,3800110,0,1.0,-13.27418156763422,-0.09696951350468554,26.49604932593156
FORCE,1,3800111,0,1.0,-9.933855331153847,0.05927572312696675,8.691054263713282
FORCE,1,3800112,0,1.0,-19.13501896385742,0.02963786156348337,1.861615747467389

HT-VT__GRID_INERTIAL for LC001
GRID,3900101,0,14.29152702061045,0.0006616671618135762,1.819961532994339
GRID,3900102,0,15.26238993917813,-0.01546364581296504,3.100764533956303
GRID,3900103,0,14.94230853446131,0.3738708633988555,3.148615078377706

HT-VT__FORCE__INERTIAL for LC001
FORCE,1,3900101,0,1.0,102.4231147649794,-0.4307763936946166,-558.5109634543935
FORCE,1,3900102,0,1.0,80.77033559701484,-0.2555224846720363,-380.826562841553
FORCE,1,3900103,0,1.0,3.360826664625423,-0.01009081684713264,-15.62083772890004

HT-VT__MOMENT__INERTIAL for LC001
MOMENT,1,3900101,0,1.0,-0.04147858361749385,10.00622313330016,-0.03313947626805613
MOMENT,1,3900102,0,1.0,-0.1046163469343919,0.1137272175943063,-0.06926167600322047
MOMENT,1,3900103,0,1.0,0,0,0

HT-VT__GRID__AERO for LC001
GRID,3900104,0,15.607,-0.025,0.8
GRID,3900105,0,15.066,-1.482,3.095
GRID,3900106,0,15.061,1.487,3.095

HT-VT__FORCE__AERO for LC001
FORCE,1,3900104,0,1.0,30.72193099651011,0.2685309604745138,24.79435868381344
FORCE,1,3900105,0,1.0,-4.85344847079862,-18.98613346466099,394.3029058878731
FORCE,1,3900106,0,1.0,-5.131925022401819,19.10548055820522,393.1492173169456

VF__GRID__INERTIAL for LC001
GRID,3950101,0,13.65,0,-0.5

VF__FORCE__INERTIAL for LC001
FORCE,1,3950101,0,1.0,8.34970386871812,-0.06940632489142931,-67.58499677252524

VF__MOMENT__INERTIAL for LC001
MOMENT,1,3950101,0,1.0,0,0,0

VF__GRID__AERO for LC001
GRID,3950102,0,13.984,0.002,-0.26

VF__FORCE__INERTIAL for LC001
FORCE,1,3950102,0,1.0,-0.3978236451474279,-0.1094015024155427,2.973731747477023

