BULKHEAD__GRID__INERTIAL for LC004
GRID,3800401,0,12.55,0.001624678659331315,-0.006779146668595562
GRID,3800402,0,13.08,-0.02149850890968878,0.02638549355449256
GRID,3800403,0,13.505,0,0
GRID,3800404,0,13.93,0,0
GRID,3800405,0,14.53,0,0
GRID,3800406,0,14.535,0,0.04901603498542274

BULKHEAD__FORCE__INERTIAL for LC004
FORCE,4,3800401,0,1.0,26.57239952030039,0.1669603614159799,-133.8496737143307
FORCE,4,3800402,0,1.0,13.07726013434326,0.0822039998655608,-65.83733694037385
FORCE,4,3800403,0,1.0,6.708294604427905,0.04674896557442634,-33.74185137235398
FORCE,4,3800404,0,1.0,11.88093082955977,0.08688154569181442,-59.71943847564298
FORCE,4,3800405,0,1.0,1.077987568074479,0.008406293117752654,-5.413362261993867
FORCE,4,3800406,0,1.0,9.777931194593405,0.07013782272756999,-49.12086172621492

BULKHEAD__GRID__AERO for LC004
GRID,3800407,0,12.55,0.0022,-0.3755
GRID,3800408,0,13.08,0.0002,0.2158
GRID,3800409,0,13.505,0.0002,-0.4659
GRID,3800410,0,13.93,0.0009,0.0186
GRID,3800411,0,14.53,-0.0012,0.0413
GRID,3800412,0,14.535,-0.0003,0.2974

BULKHEAD__FORCE__AERO for LC004
FORCE,4,3800407,0,1.0,4.960728300550254,0.07106570246811951,-16.25233885088401
FORCE,4,3800408,0,1.0,-0.2594033245984591,0.06971464348583586,14.86263958170706
FORCE,4,3800409,0,1.0,-5.214457177423122,-0.007385789103150571,22.32615961163835
FORCE,4,3800410,0,1.0,-12.0215426831622,-0.08781883384843667,23.99570823134565
FORCE,4,3800411,0,1.0,-8.996431551230309,0.05368207689607,7.870909348389216
FORCE,4,3800412,0,1.0,-17.32931300096171,0.026841038448035,1.685941468692346

HT-VT__GRID_INERTIAL for LC004
GRID,3900401,0,14.29152702061045,0.0006616671618135762,1.819961532994339
GRID,3900402,0,15.26238993917813,-0.01546364581296504,3.100764533956303
GRID,3900403,0,14.94230853446131,0.3738708633988555,3.148615078377706

HT-VT__FORCE__INERTIAL for LC004
FORCE,4,3900401,0,1.0,85.60633974451267,-1.377384718530877,-436.3606929465422
FORCE,4,3900402,0,1.0,56.30995549332052,-1.823337941641362,-289.5847717467726
FORCE,4,3900403,0,1.0,2.327372418243677,-0.07750629592032571,-11.97157998348222

HT-VT__MOMENT__INERTIAL for LC004
MOMENT,4,3900401,0,1.0,0.4534859594240586,-0.4630392371804726,0.3036899492230758
MOMENT,4,3900402,0,1.0,1.687970994881286,-0.00525971096012014,0.108755255490809
MOMENT,4,3900403,0,1.0,0,0,0

HT-VT__GRID__AERO for LC004
GRID,3900404,0,15.607,-0.025,0.8
GRID,3900405,0,15.066,-1.482,3.095
GRID,3900406,0,15.061,1.487,3.095

HT-VT__FORCE__AERO for LC004
FORCE,4,3900404,0,1.0,27.82280797516111,0.2431906168110554,22.45460028555411
FORCE,4,3900405,0,1.0,-4.395445222362778,-17.1944773145298,357.0938960774482
FORCE,4,3900406,0,1.0,-4.647642899055725,17.3025620331125,356.0490771311489

VF__GRID__INERTIAL for LC004
GRID,3950401,0,13.65,0,-0.5

VF__FORCE__INERTIAL for LC004
FORCE,4,3950401,0,1.0,10.73678782982609,0.1447154444898793,-53.77873211802093

VF__MOMENT__INERTIAL for LC004
MOMENT,4,3950401,0,1.0,0,0,0

VF__GRID__AERO for LC004
GRID,3950402,0,13.984,0.002,-0.26

VF__FORCE__INERTIAL for LC004
FORCE,4,3950402,0,1.0,-0.3602823952756376,-0.09907765870080033,2.693110904685391

