BULKHEAD__GRID__INERTIAL for LC010
GRID,3801001,0,12.55,0.001624678659331315,-0.006779146668595562
GRID,3801002,0,13.08,-0.02149850890968878,0.02638549355449256
GRID,3801003,0,13.505,0,0
GRID,3801004,0,13.93,0,0
GRID,3801005,0,14.53,0,0
GRID,3801006,0,14.535,0,0.04901603498542274

BULKHEAD__FORCE__INERTIAL for LC010
FORCE,10,3801001,0,1.0,5.151318493409641,0.1021176723343911,-94.573595743244
FORCE,10,3801002,0,1.0,2.421135089726303,0.05555486237718826,-44.71882589380105
FORCE,10,3801003,0,1.0,1.288505685038406,0.02974391603410186,-22.18090920321418
FORCE,10,3801004,0,1.0,2.28204749793355,0.05570901362368409,-37.94762813579011
FORCE,10,3801005,0,1.0,0.2070560689072699,0.005442762629581255,-3.271883471599914
FORCE,10,3801006,0,1.0,1.751930764271026,0.05066263548577866,-29.67636708252401

BULKHEAD__GRID__AERO for LC010
GRID,3801007,0,12.55,-0.0001,0.0827
GRID,3801008,0,13.08,0.0005,2.5515
GRID,3801009,0,13.505,0.0003,-1.8796
GRID,3801010,0,13.93,0.0001,-0.113
GRID,3801011,0,14.53,-0.0002,0.0585
GRID,3801012,0,14.535,-0.0001,0.3028

BULKHEAD__FORCE__AERO for LC010
FORCE,10,3801007,0,1.0,17.19626517442292,0.049353445562079,29.99224936708536
FORCE,10,3801008,0,1.0,7.083322868851798,0.02598077723694809,114.9915219220196
FORCE,10,3801009,0,1.0,-7.154443992639427,-0.01584927723335057,101.7920833430753
FORCE,10,3801010,0,1.0,-26.07306416767393,-0.02557952971205314,79.85899082538621
FORCE,10,3801011,0,1.0,-21.08525649758601,0.01966112871985261,16.3357898572857
FORCE,10,3801012,0,1.0,-38.0463906224205,0.009830564359926304,-6.494391814187233

HT-VT__GRID_INERTIAL for LC010
GRID,3901001,0,14.29152702061045,0.0006616671618135762,1.819961532994339
GRID,3901002,0,15.26238993917813,-0.01546364581296504,3.100764533956303
GRID,3901003,0,14.94230853446131,0.3738708633988555,3.148615078377706

HT-VT__FORCE__INERTIAL for LC010
FORCE,10,3901001,0,1.0,-25.16033809270711,0.836712916845129,-269.1243369616411
FORCE,10,3901002,0,1.0,-36.29380751647744,0.7817796499150813,-164.0295268257118
FORCE,10,3901003,0,1.0,-1.531946922031951,0.03217322976182727,-6.989132328838553

HT-VT__MOMENT__INERTIAL for LC010
MOMENT,10,3901001,0,1.0,-0.06939603858585729,-15.42369666981201,-0.03753699154371427
MOMENT,10,3901002,0,1.0,-0.3401991414409461,-0.175301212236544,0.08282958227371535
MOMENT,10,3901003,0,1.0,0,0,0

HT-VT__GRID__AERO for LC010
GRID,3901004,0,14.823,0.061,1.478
GRID,3901005,0,14.937,-1.155,3.051
GRID,3901006,0,14.925,1.141,3.048

HT-VT__FORCE__AERO for LC010
FORCE,10,3901004,0,1.0,100.853565382346,-2.808732674264658,39.08150892476824
FORCE,10,3901005,0,1.0,38.81066684546416,-35.23956387389909,-508.3204269131689
FORCE,10,3901006,0,1.0,39.56300595464219,34.55744308157767,-502.1612774060314

VF__GRID__INERTIAL for LC010
GRID,3951001,0,13.65,0,-0.5

VF__FORCE__INERTIAL for LC010
FORCE,10,3951001,0,1.0,3.469495799479081,0.0344605314912621,-34.95020933647869

VF__MOMENT__INERTIAL for LC010
MOMENT,10,3951001,0,1.0,0,0,0

VF__GRID__AERO for LC010
GRID,3951002,0,13.879,-0.003,-0.259

VF__FORCE__INERTIAL for LC010
FORCE,10,3951002,0,1.0,-0.6219336635871744,-0.1705301980803543,8.887632676423168

