BULKHEAD__GRID__INERTIAL for LC022
GRID,3802201,0,12.55,0.001624678659331315,-0.006779146668595562
GRID,3802202,0,13.08,-0.02149850890968878,0.02638549355449256
GRID,3802203,0,13.505,0,0
GRID,3802204,0,13.93,0,0
GRID,3802205,0,14.53,0,0
GRID,3802206,0,14.535,0,0.04901603498542274

BULKHEAD__FORCE__INERTIAL for LC022
FORCE,22,3802201,0,1.0,14.92978954371327,-0.3255306807856916,91.95369719085232
FORCE,22,3802202,0,1.0,7.246599096868209,-0.1717364093295922,46.89811907278067
FORCE,22,3802203,0,1.0,3.758541764734371,-0.092471284767279,24.72484153359908
FORCE,22,3802204,0,1.0,6.656680626003727,-0.1718472882513585,44.97952264171516
FORCE,22,3802205,0,1.0,0.6039778416705203,-0.01662626760194099,4.233517847620593
FORCE,22,3802206,0,1.0,5.367559763500873,-0.1513970333275226,38.42677933413607

BULKHEAD__GRID__AERO for LC022
GRID,3802207,0,12.55,-0.0051,0.0319
GRID,3802208,0,13.08,0.0056,0.6154
GRID,3802209,0,13.505,0.0002,0.9726
GRID,3802210,0,13.93,-0.0007,0.316
GRID,3802211,0,14.53,-0.0164,0.0935
GRID,3802212,0,14.535,0.0002,-0.033

BULKHEAD__FORCE__AERO for LC022
FORCE,22,3802207,0,1.0,10.94880479370154,0.8085260304693933,14.24378098868043
FORCE,22,3802208,0,1.0,9.000259191148006,0.4086313145295985,32.73333580423496
FORCE,22,3802209,0,1.0,4.424483437052532,0.004332784666488007,26.35135707826861
FORCE,22,3802210,0,1.0,0.8570390128826932,-0.233402137935731,18.56740288103767
FORCE,22,3802211,0,1.0,-1.359428946424819,0.2810627692670991,4.043340444915243
FORCE,22,3802212,0,1.0,-5.712385921851885,0.1389332263549269,-0.8255730521080344

HT-VT__GRID_INERTIAL for LC022
GRID,3902201,0,14.29152702061045,0.0006616671618135762,1.819961532994339
GRID,3902202,0,15.26238993917813,-0.01546364581296504,3.100764533956303
GRID,3902203,0,14.94230853446131,0.3738708633988555,3.148615078377706

HT-VT__FORCE__INERTIAL for LC022
FORCE,22,3902201,0,1.0,11.41626518786394,-1.455241877356088,336.2466136587145
FORCE,22,3902202,0,1.0,-9.837504017426324,-1.126338674086659,236.6856034534422
FORCE,22,3902203,0,1.0,-0.4323254896196051,-0.04547187105081676,9.610313492186224

HT-VT__MOMENT__INERTIAL for LC022
MOMENT,22,3902201,0,1.0,0.001310916757185684,-13.73062291203238,-0.01665053806956927
MOMENT,22,3902202,0,1.0,0.12341654569215,-0.1560578742031669,-0.2196174137834571
MOMENT,22,3902203,0,1.0,0,0,0

HT-VT__GRID__AERO for LC022
GRID,3902204,0,14.687,0.373,2.654
GRID,3902205,0,15.077,-1.381,3.155
GRID,3902206,0,15.071,1.367,3.155

HT-VT__FORCE__AERO for LC022
FORCE,22,3902204,0,1.0,29.68312642828423,5.249062079564979,-7.379939784395147
FORCE,22,3902205,0,1.0,-110.919287462093,-45.74284139702093,-676.3334805874124
FORCE,22,3902206,0,1.0,-114.8685141417116,47.22024993903651,-687.5205885377708

VF__GRID__INERTIAL for LC022
GRID,3952201,0,13.65,0,-0.5

VF__FORCE__INERTIAL for LC022
FORCE,22,3952201,0,1.0,7.251842673872279,-0.1448683353241273,39.78158674478454

VF__MOMENT__INERTIAL for LC022
MOMENT,22,3952201,0,1.0,0,0,0

VF__GRID__AERO for LC022
GRID,3952202,0,13.984,0.054,-0.176

VF__FORCE__INERTIAL for LC022
FORCE,22,3952202,0,1.0,0.4261755409660335,-0.04261755409660335,0.8310423048837653

