BULKHEAD__GRID__INERTIAL for LC021
GRID,3802101,0,12.55,0.001624678659331315,-0.006779146668595562
GRID,3802102,0,13.08,-0.02149850890968878,0.02638549355449256
GRID,3802103,0,13.505,0,0
GRID,3802104,0,13.93,0,0
GRID,3802105,0,14.53,0,0
GRID,3802106,0,14.535,0,0.04901603498542274

BULKHEAD__FORCE__INERTIAL for LC021
FORCE,21,3802101,0,1.0,14.02668547411426,-0.3335900304511091,95.19025122126351
FORCE,21,3802102,0,1.0,6.794184942779059,-0.1780315561725739,48.61523527675362
FORCE,21,3802103,0,1.0,3.529718409681996,-0.0957916677077328,25.65711797323876
FORCE,21,3802104,0,1.0,6.251416007516252,-0.1786539857204273,46.72144226441388
FORCE,21,3802105,0,1.0,0.5672071351680456,-0.0173624750645458,4.40319537146952
FORCE,21,3802106,0,1.0,5.025279422540265,-0.1592541828648465,39.96732508143049

BULKHEAD__GRID__AERO for LC021
GRID,3802107,0,12.55,-0.0051,0.0319
GRID,3802108,0,13.08,0.0056,0.6154
GRID,3802109,0,13.505,0.0002,0.9726
GRID,3802110,0,13.93,-0.0007,0.316
GRID,3802111,0,14.53,-0.0164,0.0935
GRID,3802112,0,14.535,0.0002,-0.033

BULKHEAD__FORCE__AERO for LC021
FORCE,21,3802107,0,1.0,12.22980492989901,0.903122835752314,15.9102903228283
FORCE,21,3802108,0,1.0,10.05328127592438,0.4564408041889715,36.56310612286775
FORCE,21,3802109,0,1.0,4.942143948154914,0.004839716505393232,29.43444172926805
FORCE,21,3802110,0,1.0,0.9573117926897495,-0.2607099743724944,20.73977201790684
FORCE,21,3802111,0,1.0,-1.518480888470837,0.3139468559318199,4.516407574909994
FORCE,21,3802112,0,1.0,-6.38072984447934,0.1551882866319534,-0.9221643433145167

HT-VT__GRID_INERTIAL for LC021
GRID,3902101,0,14.29152702061045,0.0006616671618135762,1.819961532994339
GRID,3902102,0,15.26238993917813,-0.01546364581296504,3.100764533956303
GRID,3902103,0,14.94230853446131,0.3738708633988555,3.148615078377706

HT-VT__FORCE__INERTIAL for LC021
FORCE,21,3902101,0,1.0,5.611164188436942,-1.895797897759568,349.54657852433
FORCE,21,3902102,0,1.0,-15.02531091690077,-1.609517094440639,246.5305753361951
FORCE,21,3902103,0,1.0,-0.6487817375662202,-0.06559469832663692,10.00603376689904

HT-VT__MOMENT__INERTIAL for LC021
MOMENT,21,3902101,0,1.0,0.07993248376720838,-14.77829772618554,0.03237318633541153
MOMENT,21,3902102,0,1.0,0.4423815878621547,-0.1679648902957565,-0.2452229988157441
MOMENT,21,3902103,0,1.0,0,0,0

HT-VT__GRID__AERO for LC021
GRID,3902104,0,14.687,0.373,2.654
GRID,3902105,0,15.077,-1.381,3.155
GRID,3902106,0,15.071,1.367,3.155

HT-VT__FORCE__AERO for LC021
FORCE,21,3902104,0,1.0,33.15602504268576,5.863197536861636,-8.243385982136996
FORCE,21,3902105,0,1.0,-123.8967425380667,-51.09471195857773,-755.4638785689149
FORCE,21,3902106,0,1.0,-128.3080251233104,52.74497594730197,-767.9598679066105

VF__GRID__INERTIAL for LC021
GRID,3952101,0,13.65,0,-0.5

VF__FORCE__INERTIAL for LC021
FORCE,21,3952101,0,1.0,6.983190272803273,-0.1374224980041937,41.29569553023514

VF__MOMENT__INERTIAL for LC021
MOMENT,21,3952101,0,1.0,0,0,0

VF__GRID__AERO for LC021
GRID,3952102,0,13.984,0.054,-0.176

VF__FORCE__INERTIAL for LC021
FORCE,21,3952102,0,1.0,0.4760376890550719,-0.04760376890550719,0.9282734936573902

