BULKHEAD__GRID__INERTIAL for LC026
GRID,3802601,0,12.55,0.001624678659331315,-0.006779146668595562
GRID,3802602,0,13.08,-0.02149850890968878,0.02638549355449256
GRID,3802603,0,13.505,0,0
GRID,3802604,0,13.93,0,0
GRID,3802605,0,14.53,0,0
GRID,3802606,0,14.535,0,0.04901603498542274

BULKHEAD__FORCE__INERTIAL for LC026
FORCE,26,3802601,0,1.0,9.224398168293545,-0.04009233328372335,147.0002133411166
FORCE,26,3802602,0,1.0,4.047889014040962,-0.01382059292889171,80.24287136473819
FORCE,26,3802603,0,1.0,2.277175349113675,-0.007958594397699583,44.39327519179601
FORCE,26,3802604,0,1.0,4.033061218232751,-0.01272330496865019,84.36240344063015
FORCE,26,3802605,0,1.0,0.3659300703713725,-0.0009786736921616342,8.389459511449116
FORCE,26,3802606,0,1.0,2.775596961845676,-0.004411226835915803,76.18215881895152

BULKHEAD__GRID__AERO for LC026
GRID,3802607,0,12.55,0.0001,0.0952
GRID,3802608,0,13.08,-0.0011,0.98
GRID,3802609,0,13.505,-0.0027,2.4626
GRID,3802610,0,13.93,0.0011,-0.5668
GRID,3802611,0,14.53,-0.0007,-0.0545
GRID,3802612,0,14.535,-0.0001,0.3031

BULKHEAD__FORCE__AERO for LC026
FORCE,26,3802607,0,1.0,23.25580062315021,-0.1214534250801012,37.74749095061645
FORCE,26,3802608,0,1.0,17.3935318571445,-0.1477294064676231,103.8224362059732
FORCE,26,3802609,0,1.0,5.20536923131767,-0.1060771100459217,86.74207511958811
FORCE,26,3802610,0,1.0,-8.787077449785654,-0.08525096183507103,64.57799286386464
FORCE,26,3802611,0,1.0,-10.77587728547231,0.02413497549668677,13.23063785776436
FORCE,26,3802612,0,1.0,-24.2439721602202,0.04204157022003503,-6.591573227183826

HT-VT__GRID_INERTIAL for LC026
GRID,3902601,0,14.29152702061045,0.0006616671618135762,1.819961532994339
GRID,3902602,0,15.26238993917813,-0.01546364581296504,3.100764533956303
GRID,3902603,0,14.94230853446131,0.3738708633988555,3.148615078377706

HT-VT__FORCE__INERTIAL for LC026
FORCE,26,3902601,0,1.0,-150.1685317169751,1.384730862185351,652.4633651654492
FORCE,26,3902602,0,1.0,-183.8366122915892,1.622765622588482,497.3507017728939
FORCE,26,3902603,0,1.0,-7.733752459222932,0.06797331319673615,19.69367516169805

HT-VT__MOMENT__INERTIAL for LC026
MOMENT,26,3902601,0,1.0,-0.2857725180156689,-66.21991108539977,-0.179408128107555
MOMENT,26,3902602,0,1.0,-1.217041615140471,-0.7526360714172656,0.03894996434561058
MOMENT,26,3902603,0,1.0,0,0,0

HT-VT__GRID__AERO for LC026
GRID,3902604,0,14.726,-0.003,2.478
GRID,3902605,0,15.278,-1.431,3.11
GRID,3902606,0,15.28,1.428,3.11

HT-VT__FORCE__AERO for LC026
FORCE,26,3902604,0,1.0,168.0105713608066,3.211508836252676,-48.4451242026237
FORCE,26,3902605,0,1.0,288.1988565963235,-45.8369897537882,-2828.190927033523
FORCE,26,3902606,0,1.0,290.008979758575,41.73015118136811,-2831.830637047943

VF__GRID__INERTIAL for LC026
GRID,3952601,0,13.65,0,-0.5

VF__FORCE__INERTIAL for LC026
FORCE,26,3952601,0,1.0,9.706982827594624,-0.06196182476895606,72.53373041492726

VF__MOMENT__INERTIAL for LC026
MOMENT,26,3952601,0,1.0,0,0,0

VF__GRID__AERO for LC026
GRID,3952602,0,13.826,0.007,-0.208

VF__FORCE__INERTIAL for LC026
FORCE,26,3952602,0,1.0,0.6617654571672181,0.1362458294167802,5.371978417004476

