BULKHEAD__GRID__INERTIAL for LC025
GRID,3802501,0,12.55,0.001624678659331315,-0.006779146668595562
GRID,3802502,0,13.08,-0.02149850890968878,0.02638549355449256
GRID,3802503,0,13.505,0,0
GRID,3802504,0,13.93,0,0
GRID,3802505,0,14.53,0,0
GRID,3802506,0,14.535,0,0.04901603498542274

BULKHEAD__FORCE__INERTIAL for LC025
FORCE,25,3802501,0,1.0,17.05694768117406,-0.06628512283102092,176.9998954333598
FORCE,25,3802502,0,1.0,7.850981918338628,-0.03123927705584633,95.84687932284707
FORCE,25,3802503,0,1.0,4.249132871659034,-0.01700197546001215,52.7415131495446
FORCE,25,3802504,0,1.0,7.525557047012694,-0.03047896492194403,99.75814693926135
FORCE,25,3802505,0,1.0,0.6828132455187067,-0.002812457604523995,9.864535529817779
FORCE,25,3802506,0,1.0,5.593063861898629,-0.02343052008592165,89.57301966482157

BULKHEAD__GRID__AERO for LC025
GRID,3802507,0,12.55,0.0001,0.0952
GRID,3802508,0,13.08,-0.0011,0.98
GRID,3802509,0,13.505,-0.0027,2.4626
GRID,3802510,0,13.93,0.0011,-0.5668
GRID,3802511,0,14.53,-0.0007,-0.0545
GRID,3802512,0,14.535,-0.0001,0.3031

BULKHEAD__FORCE__AERO for LC025
FORCE,25,3802507,0,1.0,23.25580062315021,-0.1214534250801012,37.74749095061645
FORCE,25,3802508,0,1.0,17.3935318571445,-0.1477294064676231,103.8224362059732
FORCE,25,3802509,0,1.0,5.20536923131767,-0.1060771100459217,86.74207511958811
FORCE,25,3802510,0,1.0,-8.787077449785654,-0.08525096183507103,64.57799286386464
FORCE,25,3802511,0,1.0,-10.77587728547231,0.02413497549668677,13.23063785776436
FORCE,25,3802512,0,1.0,-24.2439721602202,0.04204157022003503,-6.591573227183826

HT-VT__GRID_INERTIAL for LC025
GRID,3902501,0,14.29152702061045,0.0006616671618135762,1.819961532994339
GRID,3902502,0,15.26238993917813,-0.01546364581296504,3.100764533956303
GRID,3902503,0,14.94230853446131,0.3738708633988555,3.148615078377706

HT-VT__FORCE__INERTIAL for LC025
FORCE,25,3902501,0,1.0,-143.7431607383032,0.4651350356376223,768.8182463798391
FORCE,25,3902502,0,1.0,-188.5041039221589,0.6279214172045982,581.4537696178277
FORCE,25,3902503,0,1.0,-7.940294844972008,0.02652586274852872,23.08445396225098

HT-VT__MOMENT__INERTIAL for LC025
MOMENT,25,3902501,0,1.0,-0.1244710149803664,-73.26330589484428,-0.07824081487994237
MOMENT,25,3902502,0,1.0,-0.5717418985875241,-0.8326879633877294,-0.00920064282076833
MOMENT,25,3902503,0,1.0,0,0,0

HT-VT__GRID__AERO for LC025
GRID,3902504,0,14.726,-0.003,2.478
GRID,3902505,0,15.278,-1.431,3.11
GRID,3902506,0,15.28,1.428,3.11

HT-VT__FORCE__AERO for LC025
FORCE,25,3902504,0,1.0,168.0105713608066,3.211508836252676,-48.4451242026237
FORCE,25,3902505,0,1.0,288.1988565963235,-45.8369897537882,-2828.190927033523
FORCE,25,3902506,0,1.0,290.008979758575,41.73015118136811,-2831.830637047943

VF__GRID__INERTIAL for LC025
GRID,3952501,0,13.65,0,-0.5

VF__FORCE__INERTIAL for LC025
FORCE,25,3952501,0,1.0,13.49699787977524,-0.05056458583307268,86.02987541741413

VF__MOMENT__INERTIAL for LC025
MOMENT,25,3952501,0,1.0,0,0,0

VF__GRID__AERO for LC025
GRID,3952502,0,13.826,0.007,-0.208

VF__FORCE__INERTIAL for LC025
FORCE,25,3952502,0,1.0,0.6617654571672181,0.1362458294167802,5.371978417004476

