BULKHEAD__GRID__INERTIAL for LC020
GRID,3802001,0,12.55,0.001624678659331315,-0.006779146668595562
GRID,3802002,0,13.08,-0.02149850890968878,0.02638549355449256
GRID,3802003,0,13.505,0,0
GRID,3802004,0,13.93,0,0
GRID,3802005,0,14.53,0,0
GRID,3802006,0,14.535,0,0.04901603498542274

BULKHEAD__FORCE__INERTIAL for LC020
FORCE,20,3802001,0,1.0,11.85452218336371,-0.3606318960715025,78.64940044062425
FORCE,20,3802002,0,1.0,5.763973030251898,-0.1885438234102262,39.85075253995027
FORCE,20,3802003,0,1.0,2.985412605379995,-0.1020932866872443,20.90461137486584
FORCE,20,3802004,0,1.0,5.287406524871971,-0.1896083304349766,37.84994203671226
FORCE,20,3802005,0,1.0,0.4797400627050921,-0.01832996153762864,3.540052185289996
FORCE,20,3802006,0,1.0,4.274746614425252,-0.1652502790272034,32.13069826426978

BULKHEAD__GRID__AERO for LC020
GRID,3802007,0,12.55,-0.0051,0.0319
GRID,3802008,0,13.08,0.0056,0.6154
GRID,3802009,0,13.505,0.0002,0.9726
GRID,3802010,0,13.93,-0.0007,0.316
GRID,3802011,0,14.53,-0.0164,0.0935
GRID,3802012,0,14.535,0.0002,-0.033

BULKHEAD__FORCE__AERO for LC020
FORCE,20,3802007,0,1.0,13.8158050985246,1.020242689912132,17.97358759367824
FORCE,20,3802008,0,1.0,11.35702290469525,0.5156335056720103,41.30472651736594
FORCE,20,3802009,0,1.0,5.58305696190078,0.005467346401180711,33.25159415431533
FORCE,20,3802010,0,1.0,1.08145904387945,-0.2945196766275379,23.42937190164989
FORCE,20,3802011,0,1.0,-1.71540234052783,0.3546604870405257,5.102109735855933
FORCE,20,3802012,0,1.0,-7.208203272494364,0.1753135993558929,-1.041753560998744

HT-VT__GRID_INERTIAL for LC020
GRID,3902001,0,14.29152702061045,0.0006616671618135762,1.819961532994339
GRID,3902002,0,15.26238993917813,-0.01546364581296504,3.100764533956303
GRID,3902003,0,14.94230853446131,0.3738708633988555,3.148615078377706

HT-VT__FORCE__INERTIAL for LC020
FORCE,20,3902001,0,1.0,12.79037202186833,-1.057684745830419,281.8602556972066
FORCE,20,3902002,0,1.0,-3.599252540157669,-0.6213187428699462,196.5054980836037
FORCE,20,3902003,0,1.0,-0.1659445581364874,-0.02409041707726049,8.000341571975174

HT-VT__MOMENT__INERTIAL for LC020
MOMENT,20,3902001,0,1.0,-0.1169079316954999,-9.534109961609929,-0.0952331687442363
MOMENT,20,3902002,0,1.0,-0.3171313266304816,-0.1083624514705039,-0.2385817238938648
MOMENT,20,3902003,0,1.0,0,0,0

HT-VT__GRID__AERO for LC020
GRID,3902004,0,14.687,0.373,2.654
GRID,3902005,0,15.077,-1.381,3.155
GRID,3902006,0,15.071,1.367,3.155

HT-VT__FORCE__AERO for LC020
FORCE,20,3902004,0,1.0,37.45580427956424,6.623555722086139,-9.312414607912718
FORCE,20,3902005,0,1.0,-139.9640678702262,-57.72083741574389,-853.4348474984034
FORCE,20,3902006,0,1.0,-144.9474196719581,59.58511290991699,-867.551356648993

VF__GRID__INERTIAL for LC020
GRID,3952001,0,13.65,0,-0.5

VF__FORCE__INERTIAL for LC020
FORCE,20,3952001,0,1.0,5.634235879809878,-0.1784194385933271,33.57972397505526

VF__MOMENT__INERTIAL for LC020
MOMENT,20,3952001,0,1.0,0,0,0

VF__GRID__AERO for LC020
GRID,3952002,0,13.984,0.054,-0.176

VF__FORCE__INERTIAL for LC020
FORCE,20,3952002,0,1.0,0.5377717771653158,-0.05377717771653157,1.048654965472366

