BULKHEAD__GRID__INERTIAL for LC035
GRID,3803501,0,12.55,0.001624678659331315,-0.006779146668595562
GRID,3803502,0,13.08,-0.02149850890968878,0.02638549355449256
GRID,3803503,0,13.505,0,0
GRID,3803504,0,13.93,0,0
GRID,3803505,0,14.53,0,0
GRID,3803506,0,14.535,0,0.04901603498542274

BULKHEAD__FORCE__INERTIAL for LC035
FORCE,35,3803501,0,1.0,5.55657677725315,7.607726542730891,-21.29854434437647
FORCE,35,3803502,0,1.0,2.619022231035937,2.945987064866324,-9.183750687717714
FORCE,35,3803503,0,1.0,1.394090512246216,0.9017334202750398,-4.387287762731158
FORCE,35,3803504,0,1.0,2.46904674329749,0.7656187508918393,-6.996816867204089
FORCE,35,3803505,0,1.0,0.2240229938589831,-0.03703306023690356,-0.5357690809410329
FORCE,35,3803506,0,1.0,1.959361304170863,0.03445163736034118,-4.854116907522664

BULKHEAD__GRID__AERO for LC035
GRID,3803507,0,12.55,0.3135,-0.1517
GRID,3803508,0,13.08,0.4034,0.1523
GRID,3803509,0,13.505,0.2257,0.3239
GRID,3803510,0,13.93,0.2651,0.4102
GRID,3803511,0,14.53,-0.2407,0.2529
GRID,3803512,0,14.535,-0.4392,-0.0177

BULKHEAD__FORCE__AERO for LC035
FORCE,35,3803507,0,1.0,48.26882018301499,109.4393177583589,-50.37026726741573
FORCE,35,3803508,0,1.0,44.43231524531987,114.3530497517923,31.44132198319288
FORCE,35,3803509,0,1.0,31.55704428406166,96.59181238271184,36.71192912594979
FORCE,35,3803510,0,1.0,18.9411776750865,104.2100677466172,36.8936675044954
FORCE,35,3803511,0,1.0,-1.808063868607568,48.41910384219693,22.27693124710948
FORCE,35,3803512,0,1.0,-11.78212238090376,9.095850514260109,28.66981171037238

HT-VT__GRID_INERTIAL for LC035
GRID,3903501,0,14.29152702061045,0.0006616671618135762,1.819961532994339
GRID,3903502,0,15.26238993917813,-0.01546364581296504,3.100764533956303
GRID,3903503,0,14.94230853446131,0.3738708633988555,3.148615078377706

HT-VT__FORCE__INERTIAL for LC035
FORCE,35,3903501,0,1.0,-6.153418011904466,125.2384487776136,-46.38930822315805
FORCE,35,3903502,0,1.0,-15.5688225558967,132.3869364726537,-21.51160295512848
FORCE,35,3903503,0,1.0,-0.50836682173371,5.691702284271486,-1.740789833318898

HT-VT__MOMENT__INERTIAL for LC035
MOMENT,35,3903501,0,1.0,-30.28576128930231,-8.907249774745782,-21.53510414571499
MOMENT,35,3903502,0,1.0,-103.3553749340216,-0.101443421048918,-22.45968418920753
MOMENT,35,3903503,0,1.0,0,0,0

HT-VT__GRID__AERO for LC035
GRID,3903504,0,12.6002,0.0007,2.1195
GRID,3903505,0,14.9847,-1.3691,3.1136
GRID,3903506,0,15.0427,1.4946,3.0075

HT-VT__FORCE__AERO for LC035
FORCE,35,3903504,0,1.0,-5.378368681317615,-1742.843867161554,278.0247694865954
FORCE,35,3903505,0,1.0,-22.3095509560792,-70.38478869955362,-662.3354240328754
FORCE,35,3903506,0,1.0,101.0240153389731,8.193760229299759,-254.9385587931419

VF__GRID__INERTIAL for LC035
GRID,3953501,0,13.65,0,-0.5

VF__FORCE__INERTIAL for LC035
FORCE,35,3953501,0,1.0,3.041483083873084,-3.039491636304108,-6.756667090208095

VF__MOMENT__INERTIAL for LC035
MOMENT,35,3953501,0,1.0,0,0,0

VF__GRID__AERO for LC035
GRID,3953502,0,13.9209,0.0078,-0.3519

VF__FORCE__INERTIAL for LC035
FORCE,35,3953502,0,1.0,3.339636870709855,-127.255697968793,-14.97011643789127

