BULKHEAD__GRID__INERTIAL for LC032
GRID,3803201,0,12.55,0.001624678659331315,-0.006779146668595562
GRID,3803202,0,13.08,-0.02149850890968878,0.02638549355449256
GRID,3803203,0,13.505,0,0
GRID,3803204,0,13.93,0,0
GRID,3803205,0,14.53,0,0
GRID,3803206,0,14.535,0,0.04901603498542274

BULKHEAD__FORCE__INERTIAL for LC032
FORCE,32,3803201,0,1.0,3.390922292115544,-73.1784803489316,-18.47351679557187
FORCE,32,3803202,0,1.0,1.481988447967284,-38.68474922497862,-7.957895589532372
FORCE,32,3803203,0,1.0,0.8442273365457897,-20.87217125829952,-3.566571807321745
FORCE,32,3803204,0,1.0,1.495194707653928,-38.84922446189501,-5.450233309975228
FORCE,32,3803205,0,1.0,0.135662881117995,-3.766080274860889,-0.3835271357563923
FORCE,32,3803206,0,1.0,1.14874154983097,-34.27708669719438,-3.471761132353476

BULKHEAD__GRID__AERO for LC032
GRID,3803207,0,12.55,-0.0466,0.1255
GRID,3803208,0,13.08,0.5244,1.6126
GRID,3803209,0,13.505,0.1825,0.6417
GRID,3803210,0,13.93,-0.5096,-0.249
GRID,3803211,0,14.53,-1.1354,-0.3798
GRID,3803212,0,14.535,-0.3876,-0.0174

BULKHEAD__FORCE__AERO for LC032
FORCE,32,3803207,0,1.0,13.42791625917378,23.88022756131136,26.5313434018035
FORCE,32,3803208,0,1.0,8.367598707488602,31.48538388657155,83.65763707772047
FORCE,32,3803209,0,1.0,-0.8500636186938804,32.78135243638818,69.6224888290102
FORCE,32,3803210,0,1.0,-11.75240860131646,46.82796943332693,50.38236388429303
FORCE,32,3803211,0,1.0,-6.991501836715759,31.77867800793419,20.29142686565986
FORCE,32,3803212,0,1.0,-2.780177487223141,27.91860318751871,22.93199145778181

HT-VT__GRID_INERTIAL for LC032
GRID,3903201,0,14.29152702061045,0.0006616671618135762,1.819961532994339
GRID,3903202,0,15.26238993917813,-0.01546364581296504,3.100764533956303
GRID,3903203,0,14.94230853446131,0.3738708633988555,3.148615078377706

HT-VT__FORCE__INERTIAL for LC032
FORCE,32,3903201,0,1.0,-16.17385736058653,-323.8156903843676,-34.44803572090089
FORCE,32,3903202,0,1.0,-23.78485161573001,-249.2507343184922,-13.44278359608872
FORCE,32,3903203,0,1.0,-0.6567003269331141,-10.0445296467966,-0.5220390970873869

HT-VT__MOMENT__INERTIAL for LC032
MOMENT,32,3903201,0,1.0,-2.177531075294583,-9.996549776438608,-5.644812409819801
MOMENT,32,3903202,0,1.0,23.32370226675307,-0.1136428846275698,-51.21442595436471
MOMENT,32,3903203,0,1.0,0,0,0

HT-VT__GRID__AERO for LC032
GRID,3903204,0,14.754,-0.0355,2.017
GRID,3903205,0,14.9489,-1.433,3.0702
GRID,3903206,0,14.9484,1.243,3.0926

HT-VT__FORCE__AERO for LC032
FORCE,32,3903204,0,1.0,298.3862455760692,2666.514546446893,-89.91498611117137
FORCE,32,3903205,0,1.0,22.96807978554071,-29.86462038692478,-189.3260957555124
FORCE,32,3903206,0,1.0,-1.972624695296107,60.58557397490833,-874.6526148957109

VF__GRID__INERTIAL for LC032
GRID,3953201,0,13.65,0,-0.5

VF__FORCE__INERTIAL for LC032
FORCE,32,3953201,0,1.0,2.263410048224844,-32.90282483206538,-5.419717408970154

VF__MOMENT__INERTIAL for LC032
MOMENT,32,3953201,0,1.0,0,0,0

VF__GRID__AERO for LC032
GRID,3953202,0,14.0613,0.0016,-0.247

VF__FORCE__INERTIAL for LC032
FORCE,32,3953202,0,1.0,0.4893332577478715,23.99262129395032,3.945249390592214

