BULKHEAD__GRID__INERTIAL for LC038
GRID,3803801,0,12.55,0.001624678659331315,-0.006779146668595562
GRID,3803802,0,13.08,-0.02149850890968878,0.02638549355449256
GRID,3803803,0,13.505,0,0
GRID,3803804,0,13.93,0,0
GRID,3803805,0,14.53,0,0
GRID,3803806,0,14.535,0,0.04901603498542274

BULKHEAD__FORCE__INERTIAL for LC038
FORCE,38,3803801,0,1.0,5.629156135130027,72.56948927848156,-43.15587201827258
FORCE,38,3803802,0,1.0,2.824213074299953,37.42453727579459,-20.90784378225662
FORCE,38,3803803,0,1.0,1.422785562285605,19.5829564150653,-10.82000659216122
FORCE,38,3803804,0,1.0,2.51986799143464,35.64597313975436,-19.11118083116815
FORCE,38,3803805,0,1.0,0.228634137082675,3.357602065400526,-1.727355792180313
FORCE,38,3803806,0,1.0,2.069712726513081,30.89603119379039,-15.67365147620558

BULKHEAD__GRID__AERO for LC038
GRID,3803807,0,12.55,0.1752,-0.1555
GRID,3803808,0,13.08,0.2956,0.1246
GRID,3803809,0,13.505,0.1769,0.2693
GRID,3803810,0,13.93,-0.0106,0.3256
GRID,3803811,0,14.53,-0.0859,0.2861
GRID,3803812,0,14.535,-0.3004,-0.0084

BULKHEAD__FORCE__AERO for LC038
FORCE,38,3803807,0,1.0,46.32847093858937,75.55128938156852,-49.3633418887327
FORCE,38,3803808,0,1.0,43.96224287044902,71.3949909436119,24.07310772318953
FORCE,38,3803809,0,1.0,33.63782543528086,50.52012085602171,27.71734533722504
FORCE,38,3803810,0,1.0,24.90047517718201,41.6201180837694,30.1066054298723
FORCE,38,3803811,0,1.0,1.836312961655734,14.42358216892159,17.00245474239319
FORCE,38,3803812,0,1.0,-15.28130190327201,7.236519265811237,11.42834772606922

HT-VT__GRID_INERTIAL for LC038
GRID,3903801,0,14.29152702061045,0.0006616671618135762,1.819961532994339
GRID,3903802,0,15.26238993917813,-0.01546364581296504,3.100764533956303
GRID,3903803,0,14.94230853446131,0.3738708633988555,3.148615078377706

HT-VT__FORCE__INERTIAL for LC038
FORCE,38,3903801,0,1.0,16.78626804821236,404.9371438500918,-139.4498636451528
FORCE,38,3903802,0,1.0,10.57382265536538,344.5281248647223,-91.29139602466851
FORCE,38,3903803,0,1.0,0.2588723712814434,14.20422984235913,-4.597290376129286

HT-VT__MOMENT__INERTIAL for LC038
MOMENT,38,3903801,0,1.0,-25.38258403573496,-0.5849843457284776,-14.31914079599061
MOMENT,38,3903802,0,1.0,-114.6239007990504,-0.006812267784371285,26.33204312553039
MOMENT,38,3903803,0,1.0,0,0,0

HT-VT__GRID__AERO for LC038
GRID,3903804,0,13.9738,0.0382,2.0673
GRID,3903805,0,14.9743,-1.5574,3.1191
GRID,3903806,0,15.357,2.034,3.1092

HT-VT__FORCE__AERO for LC038
FORCE,38,3903804,0,1.0,-223.0178435006493,-3955.509176247526,502.3123856414431
FORCE,38,3903805,0,1.0,0.892714128174883,-60.38318362974909,-545.716146553306
FORCE,38,3903806,0,1.0,74.27381546415027,5.391993334176294,108.9825407675897

VF__GRID__INERTIAL for LC038
GRID,3953801,0,13.65,0,-0.5

VF__FORCE__INERTIAL for LC038
FORCE,38,3953801,0,1.0,2.323181334916657,26.83549520601081,-17.23324072598885

VF__MOMENT__INERTIAL for LC038
MOMENT,38,3953801,0,1.0,0,0,0

VF__GRID__AERO for LC038
GRID,3953802,0,13.953,0.0069,-0.3303

VF__FORCE__INERTIAL for LC038
FORCE,38,3953802,0,1.0,3.588710795263029,-155.7607610839536,-18.88983095218052

