BULKHEAD__GRID__INERTIAL for LC037
GRID,3803701,0,12.55,0.001624678659331315,-0.006779146668595562
GRID,3803702,0,13.08,-0.02149850890968878,0.02638549355449256
GRID,3803703,0,13.505,0,0
GRID,3803704,0,13.93,0,0
GRID,3803705,0,14.53,0,0
GRID,3803706,0,14.535,0,0.04901603498542274

BULKHEAD__FORCE__INERTIAL for LC037
FORCE,37,3803701,0,1.0,4.592734150389827,79.26513425541542,-54.07501950954962
FORCE,37,3803702,0,1.0,2.349061139847854,40.67515200133244,-26.87438683352163
FORCE,37,3803703,0,1.0,1.164392256703889,21.37893070961279,-14.01191493643478
FORCE,37,3803704,0,1.0,2.062232605473608,38.9248508973769,-25.10374789984706
FORCE,37,3803705,0,1.0,0.1871116954613869,3.667664236338117,-2.314556794325559
FORCE,37,3803706,0,1.0,1.725166312894618,33.51155995566882,-21.00524469801361

BULKHEAD__GRID__AERO for LC037
GRID,3803707,0,12.55,0.1752,-0.1555
GRID,3803708,0,13.08,0.2956,0.1246
GRID,3803709,0,13.505,0.1769,0.2693
GRID,3803710,0,13.93,-0.0106,0.3256
GRID,3803711,0,14.53,-0.0859,0.2861
GRID,3803712,0,14.535,-0.3004,-0.0084

BULKHEAD__FORCE__AERO for LC037
FORCE,37,3803707,0,1.0,46.32847093858937,75.55128938156852,-49.3633418887327
FORCE,37,3803708,0,1.0,43.96224287044902,71.3949909436119,24.07310772318953
FORCE,37,3803709,0,1.0,33.63782543528086,50.52012085602171,27.71734533722504
FORCE,37,3803710,0,1.0,24.90047517718201,41.6201180837694,30.1066054298723
FORCE,37,3803711,0,1.0,1.836312961655734,14.42358216892159,17.00245474239319
FORCE,37,3803712,0,1.0,-15.28130190327201,7.236519265811237,11.42834772606922

HT-VT__GRID_INERTIAL for LC037
GRID,3903701,0,14.29152702061045,0.0006616671618135762,1.819961532994339
GRID,3903702,0,15.26238993917813,-0.01546364581296504,3.100764533956303
GRID,3903703,0,14.94230853446131,0.3738708633988555,3.148615078377706

HT-VT__FORCE__INERTIAL for LC037
FORCE,37,3903701,0,1.0,24.06646992646514,363.9230190153809,-185.3489017880668
FORCE,37,3903702,0,1.0,20.40119711093956,287.675962586736,-125.9513189136635
FORCE,37,3903703,0,1.0,0.6549680711268377,11.79051848561909,-5.593727040923373

HT-VT__MOMENT__INERTIAL for LC037
MOMENT,37,3903701,0,1.0,-10.93798365761431,3.323701323391826,-4.718823874752677
MOMENT,37,3903702,0,1.0,-60.29256371711109,0.03770936348999643,28.92375450261953
MOMENT,37,3903703,0,1.0,0,0,0

HT-VT__GRID__AERO for LC037
GRID,3903704,0,13.9738,0.0382,2.0673
GRID,3903705,0,14.9743,-1.5574,3.1191
GRID,3903706,0,15.357,2.034,3.1092

HT-VT__FORCE__AERO for LC037
FORCE,37,3903704,0,1.0,-223.0178435006493,-3955.509176247526,502.3123856414431
FORCE,37,3903705,0,1.0,0.892714128174883,-60.38318362974909,-545.716146553306
FORCE,37,3903706,0,1.0,74.27381546415027,5.391993334176294,108.9825407675897

VF__GRID__INERTIAL for LC037
GRID,3953701,0,13.65,0,-0.5

VF__FORCE__INERTIAL for LC037
FORCE,37,3953701,0,1.0,1.551795502368278,31.94749421287497,-22.42600344045272

VF__MOMENT__INERTIAL for LC037
MOMENT,37,3953701,0,1.0,0,0,0

VF__GRID__AERO for LC037
GRID,3953702,0,13.953,0.0069,-0.3303

VF__FORCE__INERTIAL for LC037
FORCE,37,3953702,0,1.0,3.588710795263029,-155.7607610839536,-18.88983095218052

