BULKHEAD__GRID__INERTIAL for LC039
GRID,3803901,0,12.55,0.001624678659331315,-0.006779146668595562
GRID,3803902,0,13.08,-0.02149850890968878,0.02638549355449256
GRID,3803903,0,13.505,0,0
GRID,3803904,0,13.93,0,0
GRID,3803905,0,14.53,0,0
GRID,3803906,0,14.535,0,0.04901603498542274

BULKHEAD__FORCE__INERTIAL for LC039
FORCE,39,3803901,0,1.0,5.000715473530451,78.5449942184514,-50.72455876849999
FORCE,39,3803902,0,1.0,2.542206919028141,40.4114917068664,-25.03893626726911
FORCE,39,3803903,0,1.0,1.266511737870236,21.22751024818868,-13.03446883670697
FORCE,39,3803904,0,1.0,2.243094443486367,38.67522554852152,-23.27020890120291
FORCE,39,3803905,0,1.0,0.20352175757805,3.647391529866796,-2.135077932383229
FORCE,39,3803906,0,1.0,1.864348811062373,33.40002951433043,-19.37564832837787

BULKHEAD__GRID__AERO for LC039
GRID,3803907,0,12.55,0.1752,-0.1555
GRID,3803908,0,13.08,0.2956,0.1246
GRID,3803909,0,13.505,0.1769,0.2693
GRID,3803910,0,13.93,-0.0106,0.3256
GRID,3803911,0,14.53,-0.0859,0.2861
GRID,3803912,0,14.535,-0.3004,-0.0084

BULKHEAD__FORCE__AERO for LC039
FORCE,39,3803907,0,1.0,46.32847093858937,75.55128938156852,-49.3633418887327
FORCE,39,3803908,0,1.0,43.96224287044902,71.3949909436119,24.07310772318953
FORCE,39,3803909,0,1.0,33.63782543528086,50.52012085602171,27.71734533722504
FORCE,39,3803910,0,1.0,24.90047517718201,41.6201180837694,30.1066054298723
FORCE,39,3803911,0,1.0,1.836312961655734,14.42358216892159,17.00245474239319
FORCE,39,3803912,0,1.0,-15.28130190327201,7.236519265811237,11.42834772606922

HT-VT__GRID_INERTIAL for LC039
GRID,3903901,0,14.29152702061045,0.0006616671618135762,1.819961532994339
GRID,3903902,0,15.26238993917813,-0.01546364581296504,3.100764533956303
GRID,3903903,0,14.94230853446131,0.3738708633988555,3.148615078377706

HT-VT__FORCE__INERTIAL for LC039
FORCE,39,3903901,0,1.0,22.18253303528583,386.0338551628021,-171.3156366476526
FORCE,39,3903902,0,1.0,17.65293626353067,313.7190524841711,-115.3474475465192
FORCE,39,3903903,0,1.0,0.5355645353351439,12.88209317320669,-5.310722556777755

HT-VT__MOMENT__INERTIAL for LC039
MOMENT,39,3903901,0,1.0,-15.9481121912935,2.144871651729797,-7.930591821770964
MOMENT,39,3903902,0,1.0,-80.02431585503024,0.02427790268225986,29.45488819651893
MOMENT,39,3903903,0,1.0,0,0,0

HT-VT__GRID__AERO for LC039
GRID,3903904,0,13.9738,0.0382,2.0673
GRID,3903905,0,14.9743,-1.5574,3.1191
GRID,3903906,0,15.357,2.034,3.1092

HT-VT__FORCE__AERO for LC039
FORCE,39,3903904,0,1.0,-223.0178435006493,-3955.509176247526,502.3123856414431
FORCE,39,3903905,0,1.0,0.892714128174883,-60.38318362974909,-545.716146553306
FORCE,39,3903906,0,1.0,74.27381546415027,5.391993334176294,108.9825407675897

VF__GRID__INERTIAL for LC039
GRID,3953901,0,13.65,0,-0.5

VF__FORCE__INERTIAL for LC039
FORCE,39,3953901,0,1.0,1.823035607976047,30.90608182504226,-20.83631686692108

VF__MOMENT__INERTIAL for LC039
MOMENT,39,3953901,0,1.0,0,0,0

VF__GRID__AERO for LC039
GRID,3953902,0,13.953,0.0069,-0.3303

VF__FORCE__INERTIAL for LC039
FORCE,39,3953902,0,1.0,3.588710795263029,-155.7607610839536,-18.88983095218052

