BULKHEAD__GRID__INERTIAL for LC031
GRID,3803101,0,12.55,0.001624678659331315,-0.006779146668595562
GRID,3803102,0,13.08,-0.02149850890968878,0.02638549355449256
GRID,3803103,0,13.505,0,0
GRID,3803104,0,13.93,0,0
GRID,3803105,0,14.53,0,0
GRID,3803106,0,14.535,0,0.04901603498542274

BULKHEAD__FORCE__INERTIAL for LC031
FORCE,31,3803101,0,1.0,3.71419798817143,-70.10258193679103,-23.84488759146212
FORCE,31,3803102,0,1.0,1.672833541498793,-36.82994490876162,-10.87122630381752
FORCE,31,3803103,0,1.0,0.928268245754364,-19.81428546549196,-5.196796717944133
FORCE,31,3803104,0,1.0,1.644037936527824,-36.75726945175865,-8.554367907552669
FORCE,31,3803105,0,1.0,0.1491678120547968,-3.548302163772411,-0.6929534480046751
FORCE,31,3803106,0,1.0,1.291879497469349,-32.25363708496722,-6.281619070074409

BULKHEAD__GRID__AERO for LC031
GRID,3803107,0,12.55,-0.0466,0.1255
GRID,3803108,0,13.08,0.5244,1.6126
GRID,3803109,0,13.505,0.1825,0.6417
GRID,3803110,0,13.93,-0.5096,-0.249
GRID,3803111,0,14.53,-1.1354,-0.3798
GRID,3803112,0,14.535,-0.3876,-0.0174

BULKHEAD__FORCE__AERO for LC031
FORCE,31,3803107,0,1.0,13.42791625917378,23.88022756131136,26.5313434018035
FORCE,31,3803108,0,1.0,8.367598707488602,31.48538388657155,83.65763707772047
FORCE,31,3803109,0,1.0,-0.8500636186938804,32.78135243638818,69.6224888290102
FORCE,31,3803110,0,1.0,-11.75240860131646,46.82796943332693,50.38236388429303
FORCE,31,3803111,0,1.0,-6.991501836715759,31.77867800793419,20.29142686565986
FORCE,31,3803112,0,1.0,-2.780177487223141,27.91860318751871,22.93199145778181

HT-VT__GRID_INERTIAL for LC031
GRID,3903101,0,14.29152702061045,0.0006616671618135762,1.819961532994339
GRID,3903102,0,15.26238993917813,-0.01546364581296504,3.100764533956303
GRID,3903103,0,14.94230853446131,0.3738708633988555,3.148615078377706

HT-VT__FORCE__INERTIAL for LC031
FORCE,31,3903101,0,1.0,-8.298279859141378,-292.2603235226434,-58.49666242779665
FORCE,31,3903102,0,1.0,-15.33440542501102,-218.8837122968345,-31.74576628207639
FORCE,31,3903103,0,1.0,-0.3424761814319575,-8.810800829678314,-1.333881147749764

HT-VT__MOMENT__INERTIAL for LC031
MOMENT,31,3903101,0,1.0,-4.414779565962721,-7.492644456812802,-6.607095335163372
MOMENT,31,3903102,0,1.0,10.97144166698167,-0.08519794981064754,-45.26221439328394
MOMENT,31,3903103,0,1.0,0,0,0

HT-VT__GRID__AERO for LC031
GRID,3903104,0,14.754,-0.0355,2.017
GRID,3903105,0,14.9489,-1.433,3.0702
GRID,3903106,0,14.9484,1.243,3.0926

HT-VT__FORCE__AERO for LC031
FORCE,31,3903104,0,1.0,298.3862455760692,2666.514546446893,-89.91498611117137
FORCE,31,3903105,0,1.0,22.96807978554071,-29.86462038692478,-189.3260957555124
FORCE,31,3903106,0,1.0,-1.972624695296107,60.58557397490833,-874.6526148957109

VF__GRID__INERTIAL for LC031
GRID,3953101,0,13.65,0,-0.5

VF__FORCE__INERTIAL for LC031
FORCE,31,3953101,0,1.0,2.167723553075893,-31.65338139536919,-8.085214274725327

VF__MOMENT__INERTIAL for LC031
MOMENT,31,3953101,0,1.0,0,0,0

VF__GRID__AERO for LC031
GRID,3953102,0,14.0613,0.0016,-0.247

VF__FORCE__INERTIAL for LC031
FORCE,31,3953102,0,1.0,0.4893332577478715,23.99262129395032,3.945249390592214

