BULKHEAD__GRID__INERTIAL for LC034
GRID,3803401,0,12.55,0.001624678659331315,-0.006779146668595562
GRID,3803402,0,13.08,-0.02149850890968878,0.02638549355449256
GRID,3803403,0,13.505,0,0
GRID,3803404,0,13.93,0,0
GRID,3803405,0,14.53,0,0
GRID,3803406,0,14.535,0,0.04901603498542274

BULKHEAD__FORCE__INERTIAL for LC034
FORCE,34,3803401,0,1.0,5.657889526557986,18.32103994966089,-27.65695010918904
FORCE,34,3803402,0,1.0,2.709361510680731,8.5186377162733,-12.75199627711364
FORCE,34,3803403,0,1.0,1.422536100799773,4.013121852420539,-6.299073084313271
FORCE,34,3803404,0,1.0,2.519426175021887,6.609785562505632,-10.62116770442612
FORCE,34,3803405,0,1.0,0.2285940499373872,0.535961160097783,-0.895156368224221
FORCE,34,3803406,0,1.0,2.023478879690821,5.061201937877877,-8.117533168288938

BULKHEAD__GRID__AERO for LC034
GRID,3803407,0,12.55,0.3135,-0.1517
GRID,3803408,0,13.08,0.4034,0.1523
GRID,3803409,0,13.505,0.2257,0.3239
GRID,3803410,0,13.93,0.2651,0.4102
GRID,3803411,0,14.53,-0.2407,0.2529
GRID,3803412,0,14.535,-0.4392,-0.0177

BULKHEAD__FORCE__AERO for LC034
FORCE,34,3803407,0,1.0,48.26882018301499,109.4393177583589,-50.37026726741573
FORCE,34,3803408,0,1.0,44.43231524531987,114.3530497517923,31.44132198319288
FORCE,34,3803409,0,1.0,31.55704428406166,96.59181238271184,36.71192912594979
FORCE,34,3803410,0,1.0,18.9411776750865,104.2100677466172,36.8936675044954
FORCE,34,3803411,0,1.0,-1.808063868607568,48.41910384219693,22.27693124710948
FORCE,34,3803412,0,1.0,-11.78212238090376,9.095850514260109,28.66981171037238

HT-VT__GRID_INERTIAL for LC034
GRID,3903401,0,14.29152702061045,0.0006616671618135762,1.819961532994339
GRID,3903402,0,15.26238993917813,-0.01546364581296504,3.100764533956303
GRID,3903403,0,14.94230853446131,0.3738708633988555,3.148615078377706

HT-VT__FORCE__INERTIAL for LC034
FORCE,34,3903401,0,1.0,1.675658683345643,112.0524423282513,-74.3487759469773
FORCE,34,3903402,0,1.0,-6.812453460520415,100.2037124348633,-43.08228960537696
FORCE,34,3903403,0,1.0,-0.2022286165283051,4.268161128684008,-2.255874382499633

HT-VT__MOMENT__INERTIAL for LC034
MOMENT,34,3903401,0,1.0,-16.44315149139999,-6.164050860342262,-11.79626397509323
MOMENT,34,3903402,0,1.0,-55.33429994475717,-0.07017099279396727,-13.45560573921673
MOMENT,34,3903403,0,1.0,0,0,0

HT-VT__GRID__AERO for LC034
GRID,3903404,0,12.6002,0.0007,2.1195
GRID,3903405,0,14.9847,-1.3691,3.1136
GRID,3903406,0,15.0427,1.4946,3.0075

HT-VT__FORCE__AERO for LC034
FORCE,34,3903404,0,1.0,-5.378368681317615,-1742.843867161554,278.0247694865954
FORCE,34,3903405,0,1.0,-22.3095509560792,-70.38478869955362,-662.3354240328754
FORCE,34,3903406,0,1.0,101.0240153389731,8.193760229299759,-254.9385587931419

VF__GRID__INERTIAL for LC034
GRID,3953401,0,13.65,0,-0.5

VF__FORCE__INERTIAL for LC034
FORCE,34,3953401,0,1.0,2.834346021524135,3.984541302831813,-9.877643842469887

VF__MOMENT__INERTIAL for LC034
MOMENT,34,3953401,0,1.0,0,0,0

VF__GRID__AERO for LC034
GRID,3953402,0,13.9209,0.0078,-0.3519

VF__FORCE__INERTIAL for LC034
FORCE,34,3953402,0,1.0,3.339636870709855,-127.255697968793,-14.97011643789127

