BULKHEAD__GRID__INERTIAL for LC043
GRID,3804301,0,12.55,0.001624678659331315,-0.006779146668595562
GRID,3804302,0,13.08,-0.02149850890968878,0.02638549355449256
GRID,3804303,0,13.505,0,0
GRID,3804304,0,13.93,0,0
GRID,3804305,0,14.53,0,0
GRID,3804306,0,14.535,0,0.04901603498542274

BULKHEAD__FORCE__INERTIAL for LC043
FORCE,43,3804301,0,1.0,0.5732296985345907,0.004919461286403193,-25.60813631306052
FORCE,43,3804302,0,1.0,0.2311068509365042,0.005314049327295647,-11.78763938381542
FORCE,43,3804303,0,1.0,0.1393621614617743,0.002994507154198226,-5.709805245112011
FORCE,43,3804304,0,1.0,0.2468216287776594,0.006591965230450469,-9.517160891683638
FORCE,43,3804305,0,1.0,0.02239476444827257,0.0007631477469449538,-0.7872545180699444
FORCE,43,3804306,0,1.0,0.1466792807449368,0.008179141806653748,-7.137839079785794

BULKHEAD__GRID__AERO for LC043
GRID,3804307,0,12.55,0.0005,0.0569
GRID,3804308,0,13.08,-0.0006,0.4227
GRID,3804309,0,13.505,-0.0008,0.5631
GRID,3804310,0,13.93,0.0005,0.1488
GRID,3804311,0,14.53,-0.0007,0.1046
GRID,3804312,0,14.535,0,-0.0482

BULKHEAD__FORCE__AERO for LC043
FORCE,43,3804307,0,1.0,15.8125749701598,-0.1320115104126,17.0801548813665
FORCE,43,3804308,0,1.0,14.0942493208881,-0.0778184021349,35.1721562299065
FORCE,43,3804309,0,1.0,7.309334336346001,-0.0607211500014,24.5099989403262
FORCE,43,3804310,0,1.0,0.3145894392564,-0.061135628841,14.6664373589559
FORCE,43,3804311,0,1.0,-3.2388412723443,0.008807675341500001,2.116950673257
FORCE,43,3804312,0,1.0,-9.7991087258232,0.0119162666385,-2.8947202157664

HT-VT__GRID_INERTIAL for LC043
GRID,3904301,0,14.29152702061045,0.0006616671618135762,1.819961532994339
GRID,3904302,0,15.26238993917813,-0.01546364581296504,3.100764533956303
GRID,3904303,0,14.94230853446131,0.3738708633988555,3.148615078377706

HT-VT__FORCE__INERTIAL for LC043
FORCE,43,3904301,0,1.0,-16.83503315386692,0.4656466939907905,-65.87777465573399
FORCE,43,3904302,0,1.0,-19.9071652315391,0.515293133399148,-37.17324919396659
FORCE,43,3904303,0,1.0,-0.8370879592615437,0.02141390476055718,-1.630044078451963

HT-VT__MOMENT__INERTIAL for LC043
MOMENT,43,3904301,0,1.0,-0.07959892790006011,-6.870434697382123,-0.04847502316223963
MOMENT,43,3904302,0,1.0,-0.3391947581358698,-0.07808767014120181,0.03548464904794327
MOMENT,43,3904303,0,1.0,0,0,0

HT-VT__GRID__AERO for LC043
GRID,3904304,0,14.612,-0.041,2.539
GRID,3904305,0,15.049,-1.353,3.13
GRID,3904306,0,15.046,1.352,3.13

HT-VT__FORCE__AERO for LC043
FORCE,43,3904304,0,1.0,47.39565530826,-0.95330133108,-1.09836892494
FORCE,43,3904305,0,1.0,-66.40987207491,-41.48933184396,-801.78859126422
FORCE,43,3904306,0,1.0,-64.74159474552,40.97123329446,-788.0693416734599

VF__GRID__INERTIAL for LC043
GRID,3954301,0,13.65,0,-0.5

VF__FORCE__INERTIAL for LC043
FORCE,43,3954301,0,1.0,0.8526439334902636,-0.008679590024781164,-8.919698289619166

VF__MOMENT__INERTIAL for LC043
MOMENT,43,3954301,0,1.0,0,0,0

VF__GRID__AERO for LC043
GRID,3954302,0,13.865,-0.025,0.04

VF__FORCE__INERTIAL for LC043
FORCE,43,3954302,0,1.0,1.36778017068,-0.18651547782,1.17090272187

