BULKHEAD__GRID__INERTIAL for LC046
GRID,3804601,0,12.55,0.001624678659331315,-0.006779146668595562
GRID,3804602,0,13.08,-0.02149850890968878,0.02638549355449256
GRID,3804603,0,13.505,0,0
GRID,3804604,0,13.93,0,0
GRID,3804605,0,14.53,0,0
GRID,3804606,0,14.535,0,0.04901603498542274

BULKHEAD__FORCE__INERTIAL for LC046
FORCE,46,3804601,0,1.0,-46.7240819940499,0.04797714671039824,-131.9240970285842
FORCE,46,3804602,0,1.0,-23.00083514974483,0.03042831651385994,-64.92692174510212
FORCE,46,3804603,0,1.0,-11.79634982097716,0.01684122160871658,-33.29497587259633
FORCE,46,3804604,0,1.0,-20.89228701610844,0.03339619686579599,-58.95908509827181
FORCE,46,3804605,0,1.0,-1.895611210526949,0.003487291894738826,-5.348357023267063
FORCE,46,3804606,0,1.0,-17.20177138693441,0.03379107589255446,-48.53130060297232

BULKHEAD__GRID__AERO for LC046
GRID,3804607,0,12.55,-0.0002,0.1456
GRID,3804608,0,13.08,-0.0015,0.7126
GRID,3804609,0,13.505,0.0002,0.1344
GRID,3804610,0,13.93,0.0005,0.0398
GRID,3804611,0,14.53,0.0002,-0.029
GRID,3804612,0,14.535,0,-0.0185

BULKHEAD__FORCE__AERO for LC046
FORCE,46,3804607,0,1.0,3.697290657356638,-0.04150792063638052,6.23763512392994
FORCE,46,3804608,0,1.0,2.951840255328212,-0.03254937661414012,12.12857459419918
FORCE,46,3804609,0,1.0,1.179243011460911,-0.01841478493460526,8.383604574768615
FORCE,46,3804610,0,1.0,-0.705435572062419,-0.01104887096076316,4.579010467901143
FORCE,46,3804611,0,1.0,-1.293016520543364,0.008759465266190614,0.1296002701884111
FORCE,46,3804612,0,1.0,-3.45222470865935,0.007266374595817213,-1.545348843836469

HT-VT__GRID_INERTIAL for LC046
GRID,3904601,0,14.29152702061045,0.0006616671618135762,1.819961532994339
GRID,3904602,0,15.26238993917813,-0.01546364581296504,3.100764533956303
GRID,3904603,0,14.94230853446131,0.3738708633988555,3.148615078377706

HT-VT__FORCE__INERTIAL for LC046
FORCE,46,3904601,0,1.0,-153.026112102163,0.9628977561637769,-430.9961281373791
FORCE,46,3904602,0,1.0,-101.836744158711,1.005382325607621,-286.3484282232054
FORCE,46,3904603,0,1.0,-4.212923045282018,0.04154675773326848,-11.84909552045676

HT-VT__MOMENT__INERTIAL for LC046
MOMENT,46,3904601,0,1.0,-0.1333279045686558,-0.1038154498067965,-0.07855643253098743
MOMENT,46,3904602,0,1.0,-0.57708800955227,-0.001180800461388112,0.09780013079130778
MOMENT,46,3904603,0,1.0,0,0,0

HT-VT__GRID__AERO for LC046
GRID,3904604,0,14.5693,-0.0649,2.24
GRID,3904605,0,15.0265,-1.326,3.1088
GRID,3904606,0,15.022,1.3274,3.1087

HT-VT__FORCE__AERO for LC046
FORCE,46,3904604,0,1.0,15.72722172793315,0.1990787560497867,2.637793517659673
FORCE,46,3904605,0,1.0,-4.548949575737626,-8.590248323548295,-190.0505344629289
FORCE,46,3904606,0,1.0,-4.320009006280371,8.52057075893087,-185.3522758201539

VF__GRID__INERTIAL for LC046
GRID,3954601,0,13.65,0,-0.5

VF__FORCE__INERTIAL for LC046
FORCE,46,3954601,0,1.0,-18.79613316179228,0.004384064736934021,-53.07587660542754

VF__MOMENT__INERTIAL for LC046
MOMENT,46,3954601,0,1.0,0,0,0

VF__GRID__AERO for LC046
GRID,3954602,0,13.8005,0.0007,-0.076

VF__FORCE__INERTIAL for LC046
FORCE,46,3954602,0,1.0,0.3682956986921053,-0.01990787560497867,0.6768677705692747

