BULKHEAD__GRID__INERTIAL for LC049
GRID,3804901,0,12.55,0.001624678659331315,-0.006779146668595562
GRID,3804902,0,13.08,-0.02149850890968878,0.02638549355449256
GRID,3804903,0,13.505,0,0
GRID,3804904,0,13.93,0,0
GRID,3804905,0,14.53,0,0
GRID,3804906,0,14.535,0,0.04901603498542274

BULKHEAD__FORCE__INERTIAL for LC049
FORCE,49,3804901,0,1.0,-51.06261767665611,0.03580778004454048,-206.6740460790816
FORCE,49,3804902,0,1.0,-24.92571276476719,0.02025749102206124,-105.0948007338569
FORCE,49,3804903,0,1.0,-12.86957808416265,0.01105928107279683,-55.28187974834006
FORCE,49,3804904,0,1.0,-22.79306083585377,0.021136635989029,-100.3548318593945
FORCE,49,3804905,0,1.0,-2.068073332965113,0.002116294765746341,-9.41878994080029
FORCE,49,3804906,0,1.0,-18.53357672361641,0.01977460631777197,-85.49049127472077

BULKHEAD__GRID__AERO for LC049
GRID,3804907,0,12.55,-0.0002,0.1456
GRID,3804908,0,13.08,-0.0015,0.7126
GRID,3804909,0,13.505,0.0002,0.1344
GRID,3804910,0,13.93,0.0005,0.0398
GRID,3804911,0,14.53,0.0002,-0.029
GRID,3804912,0,14.535,0,-0.0185

BULKHEAD__FORCE__AERO for LC049
FORCE,49,3804907,0,1.0,3.70342498457297,-0.04157678813716693,6.24798424128433
FORCE,49,3804908,0,1.0,2.956737775078382,-0.03260338062554817,12.14869761186901
FORCE,49,3804909,0,1.0,1.18119954211275,-0.0184453376627719,8.39751415842865
FORCE,49,3804910,0,1.0,-0.7066059892760241,-0.01106720259766314,4.586607692772071
FORCE,49,3804911,0,1.0,-1.295161817510308,0.008773998455805013,0.1298152953347514
FORCE,49,3804912,0,1.0,-3.457952436866244,0.007278430537201885,-1.547912795754236

HT-VT__GRID_INERTIAL for LC049
GRID,3904901,0,14.29152702061045,0.0006616671618135762,1.819961532994339
GRID,3904902,0,15.26238993917813,-0.01546364581296504,3.100764533956303
GRID,3904903,0,14.94230853446131,0.3738708633988555,3.148615078377706

HT-VT__FORCE__INERTIAL for LC049
FORCE,49,3904901,0,1.0,-90.05693235890877,0.3475490269363989,-748.9106801306925
FORCE,49,3904902,0,1.0,-24.03321374515178,0.3339668031464463,-524.8992321047731
FORCE,49,3904903,0,1.0,-0.9389695490784453,0.01371114082148741,-21.3411389515855

HT-VT__MOMENT__INERTIAL for LC049
MOMENT,49,3904901,0,1.0,-0.04195780811926852,28.22863518647069,-0.0250797445486878
MOMENT,49,3904902,0,1.0,-0.1519520127483971,0.3208373028297459,0.04233275156836096
MOMENT,49,3904903,0,1.0,0,0,0

HT-VT__GRID__AERO for LC049
GRID,3904904,0,14.5693,-0.0649,2.24
GRID,3904905,0,15.0265,-1.326,3.1088
GRID,3904906,0,15.022,1.3274,3.1087

HT-VT__FORCE__AERO for LC049
FORCE,49,3904904,0,1.0,15.75331540928627,0.1994090558137503,2.642169989532191
FORCE,49,3904905,0,1.0,-4.556496925344194,-8.604500758363326,-190.3658551325967
FORCE,49,3904906,0,1.0,-4.327176511158381,8.534707588828512,-185.6598014153922

VF__GRID__INERTIAL for LC049
GRID,3954901,0,13.65,0,-0.5

VF__FORCE__INERTIAL for LC049
FORCE,49,3954901,0,1.0,-23.10701565919389,0.01190382004223403,-88.88124576143244

VF__MOMENT__INERTIAL for LC049
MOMENT,49,3954901,0,1.0,0,0,0

VF__GRID__AERO for LC049
GRID,3954902,0,13.8005,0.0007,-0.076

VF__FORCE__INERTIAL for LC049
FORCE,49,3954902,0,1.0,0.368906753255438,-0.01994090558137503,0.677990789766751

