BULKHEAD__GRID__INERTIAL for LC048
GRID,3804801,0,12.55,0.001624678659331315,-0.006779146668595562
GRID,3804802,0,13.08,-0.02149850890968878,0.02638549355449256
GRID,3804803,0,13.505,0,0
GRID,3804804,0,13.93,0,0
GRID,3804805,0,14.53,0,0
GRID,3804806,0,14.535,0,0.04901603498542274

BULKHEAD__FORCE__INERTIAL for LC048
FORCE,48,3804801,0,1.0,-58.31010574753869,0.1176284484978415,-257.9711412919307
FORCE,48,3804802,0,1.0,-28.36691362153709,0.0652983046667993,-132.3632979097175
FORCE,48,3804803,0,1.0,-14.68608639029077,0.03575964237988979,-70.09707158571206
FORCE,48,3804804,0,1.0,-26.01024356396227,0.06803362549648036,-128.0632035015352
FORCE,48,3804805,0,1.0,-2.359976638764715,0.006774957201086835,-12.1210712865721
FORCE,48,3804806,0,1.0,-21.04279619622359,0.06256280883865185,-110.0254257528225

BULKHEAD__GRID__AERO for LC048
GRID,3804807,0,12.55,-0.0002,0.1456
GRID,3804808,0,13.08,-0.0015,0.7126
GRID,3804809,0,13.505,0.0002,0.1344
GRID,3804810,0,13.93,0.0005,0.0398
GRID,3804811,0,14.53,0.0002,-0.029
GRID,3804812,0,14.535,0,-0.0185

BULKHEAD__FORCE__AERO for LC048
FORCE,48,3804807,0,1.0,3.697290657356638,-0.04150792063638052,6.23763512392994
FORCE,48,3804808,0,1.0,2.951840255328212,-0.03254937661414012,12.12857459419918
FORCE,48,3804809,0,1.0,1.179243011460911,-0.01841478493460526,8.383604574768615
FORCE,48,3804810,0,1.0,-0.705435572062419,-0.01104887096076316,4.579010467901143
FORCE,48,3804811,0,1.0,-1.293016520543364,0.008759465266190614,0.1296002701884111
FORCE,48,3804812,0,1.0,-3.45222470865935,0.007266374595817213,-1.545348843836469

HT-VT__GRID_INERTIAL for LC048
GRID,3904801,0,14.29152702061045,0.0006616671618135762,1.819961532994339
GRID,3904802,0,15.26238993917813,-0.01546364581296504,3.100764533956303
GRID,3904803,0,14.94230853446131,0.3738708633988555,3.148615078377706

HT-VT__FORCE__INERTIAL for LC048
FORCE,48,3904801,0,1.0,-67.57201785751444,0.8698004602205585,-960.6264375946191
FORCE,48,3904802,0,1.0,12.43002388044945,0.7907828029890032,-681.9219795593574
FORCE,48,3904803,0,1.0,0.6018549315940952,0.03224407240936505,-27.61426147229178

HT-VT__MOMENT__INERTIAL for LC048
MOMENT,48,3904801,0,1.0,-0.06812523025049927,45.18628311529597,-0.03578273694800322
MOMENT,48,3904802,0,1.0,-0.2844218390618141,0.5135723099217752,0.1281556365870131
MOMENT,48,3904803,0,1.0,0,0,0

HT-VT__GRID__AERO for LC048
GRID,3904804,0,14.5693,-0.0649,2.24
GRID,3904805,0,15.0265,-1.326,3.1088
GRID,3904806,0,15.022,1.3274,3.1087

HT-VT__FORCE__AERO for LC048
FORCE,48,3904804,0,1.0,15.72722172793315,0.1990787560497867,2.637793517659673
FORCE,48,3904805,0,1.0,-4.548949575737626,-8.590248323548295,-190.0505344629289
FORCE,48,3904806,0,1.0,-4.320009006280371,8.52057075893087,-185.3522758201539

VF__GRID__INERTIAL for LC048
GRID,3954801,0,13.65,0,-0.5

VF__FORCE__INERTIAL for LC048
FORCE,48,3954801,0,1.0,-27.559009074613,0.04684367775906373,-112.9508084215156

VF__MOMENT__INERTIAL for LC048
MOMENT,48,3954801,0,1.0,0,0,0

VF__GRID__AERO for LC048
GRID,3954802,0,13.8005,0.0007,-0.076

VF__FORCE__INERTIAL for LC048
FORCE,48,3954802,0,1.0,0.3682956986921053,-0.01990787560497867,0.6768677705692747

