BULKHEAD__GRID__INERTIAL for LC047
GRID,3804701,0,12.55,0.001624678659331315,-0.006779146668595562
GRID,3804702,0,13.08,-0.02149850890968878,0.02638549355449256
GRID,3804703,0,13.505,0,0
GRID,3804704,0,13.93,0,0
GRID,3804705,0,14.53,0,0
GRID,3804706,0,14.535,0,0.04901603498542274

BULKHEAD__FORCE__INERTIAL for LC047
FORCE,47,3804701,0,1.0,-46.54075501365892,0.01531597376008358,-129.7134869013898
FORCE,47,3804702,0,1.0,-22.91650389955568,0.01119519229303183,-63.74644061946147
FORCE,47,3804703,0,1.0,-11.75067747431867,0.00601002232145062,-32.65132943039995
FORCE,47,3804704,0,1.0,-20.8113976062851,0.01220891764944065,-57.75170593171176
FORCE,47,3804705,0,1.0,-1.888271905262962,0.001308171741173114,-5.230171151774842
FORCE,47,3804706,0,1.0,-17.14157670211587,0.01355200059082369,-47.45822012602959

BULKHEAD__GRID__AERO for LC047
GRID,3804707,0,12.55,-0.0002,0.1456
GRID,3804708,0,13.08,-0.0015,0.7126
GRID,3804709,0,13.505,0.0002,0.1344
GRID,3804710,0,13.93,0.0005,0.0398
GRID,3804711,0,14.53,0.0002,-0.029
GRID,3804712,0,14.535,0,-0.0185

BULKHEAD__FORCE__AERO for LC047
FORCE,47,3804707,0,1.0,3.70342498457297,-0.04157678813716693,6.24798424128433
FORCE,47,3804708,0,1.0,2.956737775078382,-0.03260338062554817,12.14869761186901
FORCE,47,3804709,0,1.0,1.18119954211275,-0.0184453376627719,8.39751415842865
FORCE,47,3804710,0,1.0,-0.7066059892760241,-0.01106720259766314,4.586607692772071
FORCE,47,3804711,0,1.0,-1.295161817510308,0.008773998455805013,0.1298152953347514
FORCE,47,3804712,0,1.0,-3.457952436866244,0.007278430537201885,-1.547912795754236

HT-VT__GRID_INERTIAL for LC047
GRID,3904701,0,14.29152702061045,0.0006616671618135762,1.819961532994339
GRID,3904702,0,15.26238993917813,-0.01546364581296504,3.100764533956303
GRID,3904703,0,14.94230853446131,0.3738708633988555,3.148615078377706

HT-VT__FORCE__INERTIAL for LC047
FORCE,47,3904701,0,1.0,-154.5457679596927,0.6484252403446138,-421.7495315883345
FORCE,47,3904702,0,1.0,-103.8345380246103,0.70531965742619,-279.455266441241
FORCE,47,3904703,0,1.0,-4.296710420593125,0.02933294954590058,-11.57332918070995

HT-VT__MOMENT__INERTIAL for LC047
MOMENT,47,3904701,0,1.0,-0.1103346381010068,-0.8819597269556002,-0.06809271995908821
MOMENT,47,3904702,0,1.0,-0.4551655595190495,-0.01002479600024538,0.04315097661446251
MOMENT,47,3904703,0,1.0,0,0,0

HT-VT__GRID__AERO for LC047
GRID,3904704,0,14.5693,-0.0649,2.24
GRID,3904705,0,15.0265,-1.326,3.1088
GRID,3904706,0,15.022,1.3274,3.1087

HT-VT__FORCE__AERO for LC047
FORCE,47,3904704,0,1.0,15.75331540928627,0.1994090558137503,2.642169989532191
FORCE,47,3904705,0,1.0,-4.556496925344194,-8.604500758363326,-190.3658551325967
FORCE,47,3904706,0,1.0,-4.327176511158381,8.534707588828512,-185.6598014153922

VF__GRID__INERTIAL for LC047
GRID,3954701,0,13.65,0,-0.5

VF__FORCE__INERTIAL for LC047
FORCE,47,3954701,0,1.0,-18.65191685244316,-0.008522704766932121,-52.02907182618323

VF__MOMENT__INERTIAL for LC047
MOMENT,47,3954701,0,1.0,0,0,0

VF__GRID__AERO for LC047
GRID,3954702,0,13.8005,0.0007,-0.076

VF__FORCE__INERTIAL for LC047
FORCE,47,3954702,0,1.0,0.368906753255438,-0.01994090558137503,0.677990789766751

