BULKHEAD__GRID__INERTIAL for LC061
GRID,3806101,0,12.55,0.001624678659331315,-0.006779146668595562
GRID,3806102,0,13.08,-0.02149850890968878,0.02638549355449256
GRID,3806103,0,13.505,0,0
GRID,3806104,0,13.93,0,0
GRID,3806105,0,14.53,0,0
GRID,3806106,0,14.535,0,0.04901603498542274

BULKHEAD__FORCE__INERTIAL for LC061
FORCE,61,3806101,0,1.0,38.5883940072498,-0.1248018193746901,-97.2564493874587
FORCE,61,3806102,0,1.0,18.89730643322235,-0.06317540350318479,-46.3084354632156
FORCE,61,3806103,0,1.0,9.73201085585445,-0.03473630340487621,-23.1073196796685
FORCE,61,3806104,0,1.0,17.23617620111845,-0.06422833517539268,-39.78471118184933
FORCE,61,3806105,0,1.0,1.563882824712594,-0.006174419983185155,-3.463715963939279
FORCE,61,3806106,0,1.0,14.08252014891078,-0.05386888461464805,-31.41897104190577

BULKHEAD__GRID__AERO for LC061
GRID,3806107,0,12.55,-0.0002,0.1456
GRID,3806108,0,13.08,-0.0015,0.7126
GRID,3806109,0,13.505,0.0002,0.1344
GRID,3806110,0,13.93,0.0005,0.0398
GRID,3806111,0,14.53,0.0002,-0.029
GRID,3806112,0,14.535,0,-0.0185

BULKHEAD__FORCE__AERO for LC061
FORCE,61,3806107,0,1.0,3.70342498457297,-0.04157678813716693,6.24798424128433
FORCE,61,3806108,0,1.0,2.956737775078382,-0.03260338062554817,12.14869761186901
FORCE,61,3806109,0,1.0,1.18119954211275,-0.0184453376627719,8.39751415842865
FORCE,61,3806110,0,1.0,-0.7066059892760241,-0.01106720259766314,4.586607692772071
FORCE,61,3806111,0,1.0,-1.295161817510308,0.008773998455805013,0.1298152953347514
FORCE,61,3806112,0,1.0,-3.457952436866244,0.007278430537201885,-1.547912795754236

HT-VT__GRID_INERTIAL for LC061
GRID,3906101,0,14.29152702061045,0.0006616671618135762,1.819961532994339
GRID,3906102,0,15.26238993917813,-0.01546364581296504,3.100764533956303
GRID,3906103,0,14.94230853446131,0.3738708633988555,3.148615078377706

HT-VT__FORCE__INERTIAL for LC061
FORCE,61,3906101,0,1.0,90.31668930559907,0.2338409084828704,-283.7764637574269
FORCE,61,3906102,0,1.0,43.32957857190836,0.4622514973381019,-175.9452719841996
FORCE,61,3906103,0,1.0,1.766849259590185,0.02004954381227475,-7.454081816526209

HT-VT__MOMENT__INERTIAL for LC061
MOMENT,61,3906101,0,1.0,-0.1612776388731548,-13.15793966341414,-0.1102027341901838
MOMENT,61,3906102,0,1.0,-0.5965103576296111,-0.1495499929636088,-0.07278665544665516
MOMENT,61,3906103,0,1.0,0,0,0

HT-VT__GRID__AERO for LC061
GRID,3906104,0,14.5693,-0.0649,2.24
GRID,3906105,0,15.0265,-1.326,3.1088
GRID,3906106,0,15.022,1.3274,3.1087

HT-VT__FORCE__AERO for LC061
FORCE,61,3906104,0,1.0,15.75331540928627,0.1994090558137503,2.642169989532191
FORCE,61,3906105,0,1.0,-4.556496925344194,-8.604500758363326,-190.3658551325967
FORCE,61,3906106,0,1.0,-4.327176511158381,8.534707588828512,-185.6598014153922

VF__GRID__INERTIAL for LC061
GRID,3956101,0,13.65,0,-0.5

VF__FORCE__INERTIAL for LC061
FORCE,61,3956101,0,1.0,16.72216534741926,-0.08057017277642597,-36.48738196825454

VF__MOMENT__INERTIAL for LC061
MOMENT,61,3956101,0,1.0,0,0,0

VF__GRID__AERO for LC061
GRID,3956102,0,13.8005,0.0007,-0.076

VF__FORCE__INERTIAL for LC061
FORCE,61,3956102,0,1.0,0.368906753255438,-0.01994090558137503,0.677990789766751

