BULKHEAD__GRID__INERTIAL for LC062
GRID,3806201,0,12.55,0.001624678659331315,-0.006779146668595562
GRID,3806202,0,13.08,-0.02149850890968878,0.02638549355449256
GRID,3806203,0,13.505,0,0
GRID,3806204,0,13.93,0,0
GRID,3806205,0,14.53,0,0
GRID,3806206,0,14.535,0,0.04901603498542274

BULKHEAD__FORCE__INERTIAL for LC062
FORCE,62,3806201,0,1.0,-32.62919359084172,0.01963244520643616,-243.0981773355483
FORCE,62,3806202,0,1.0,-15.7813299657964,0.01344777242091719,-124.1489909528775
FORCE,62,3806203,0,1.0,-8.208373491281607,0.007525548510782226,-65.51701896177225
FORCE,62,3806204,0,1.0,-14.5376915332158,0.01525964290084992,-119.301220706516
FORCE,62,3806205,0,1.0,-1.319042334824276,0.001631931631191882,-11.24276987264286
FORCE,62,3806206,0,1.0,-11.65903384279877,0.01607828325165383,-102.0493544364062

BULKHEAD__GRID__AERO for LC062
GRID,3806207,0,12.55,0.0002,0.0165
GRID,3806208,0,13.08,0.0004,0.0674
GRID,3806209,0,13.505,0.0004,0.0476
GRID,3806210,0,13.93,0.0002,0.0022
GRID,3806211,0,14.53,0.0002,-0.0144
GRID,3806212,0,14.535,0,-0.0125

BULKHEAD__FORCE__AERO for LC062
FORCE,62,3806207,0,1.0,0.6226337072941454,-0.02144336127660996,0.8496810619876626
FORCE,62,3806208,0,1.0,0.01251671314336057,-0.0140691736882735,3.900654147877815
FORCE,62,3806209,0,1.0,-0.6032279504827337,-0.008441504212964102,3.663224713290192
FORCE,62,3806210,0,1.0,-1.450968436789255,-0.002813834737654701,2.927358415001459
FORCE,62,3806211,0,1.0,-1.071876977478327,0.007083101236165281,0.4954289713953415
FORCE,62,3806212,0,1.0,-2.008301772413,0.007762302724564692,-0.7616759548479104

HT-VT__GRID_INERTIAL for LC062
GRID,3906201,0,14.29152702061045,0.0006616671618135762,1.819961532994339
GRID,3906202,0,15.26238993917813,-0.01546364581296504,3.100764533956303
GRID,3906203,0,14.94230853446131,0.3738708633988555,3.148615078377706

HT-VT__FORCE__INERTIAL for LC062
FORCE,62,3906201,0,1.0,-4.05646826281303,0.536148396911738,-892.5227511381412
FORCE,62,3906202,0,1.0,45.12038124857464,0.5707521001128363,-629.4390538503599
FORCE,62,3906203,0,1.0,1.93975237523089,0.02361270240553755,-25.54236454981594

HT-VT__MOMENT__INERTIAL for LC062
MOMENT,62,3906201,0,1.0,-0.09246597756814925,37.68140474980785,-0.05746222845183905
MOMENT,62,3906202,0,1.0,-0.3418118126786102,0.4282741021688115,0.05296185666970042
MOMENT,62,3906203,0,1.0,0,0,0

HT-VT__GRID__AERO for LC062
GRID,3906204,0,14.8922,-0.0707,1.4394
GRID,3906205,0,15.0152,-1.3978,2.9028
GRID,3906206,0,15.0212,1.4136,2.8976

HT-VT__FORCE__AERO for LC062
FORCE,62,3906204,0,1.0,6.200139301246048,0.3104921089825877,2.939972156928877
FORCE,62,3906205,0,1.0,4.016991659962228,-1.562163423318644,-7.665273940507634
FORCE,62,3906206,0,1.0,3.939368632716581,1.562163423318644,-7.102506992976694

VF__GRID__INERTIAL for LC062
GRID,3956201,0,13.65,0,-0.5

VF__FORCE__INERTIAL for LC062
FORCE,62,3956201,0,1.0,-16.543588863926,-0.001364825927543396,-105.449596912321

VF__MOMENT__INERTIAL for LC062
MOMENT,62,3956201,0,1.0,0,0,0

VF__GRID__AERO for LC062
GRID,3956202,0,13.804,0.0066,-0.1846

VF__FORCE__INERTIAL for LC062
FORCE,62,3956202,0,1.0,0.09702878405705866,0.009702878405705865,0.4948467986909991

