BULKHEAD__GRID__INERTIAL for LC065
GRID,3806501,0,12.55,0.001624678659331315,-0.006779146668595562
GRID,3806502,0,13.08,-0.02149850890968878,0.02638549355449256
GRID,3806503,0,13.505,0,0
GRID,3806504,0,13.93,0,0
GRID,3806505,0,14.53,0,0
GRID,3806506,0,14.535,0,0.04901603498542274

BULKHEAD__FORCE__INERTIAL for LC065
FORCE,65,3806501,0,1.0,-26.85637554794782,-5.567802676856918,-113.9749268503931
FORCE,65,3806502,0,1.0,-13.1488241102644,-3.509075875355568,-57.78211364214314
FORCE,65,3806503,0,1.0,-6.771349099656419,-1.896840613409775,-30.15936937444591
FORCE,65,3806504,0,1.0,-11.99260542652936,-3.724503881878911,-54.50061101468457
FORCE,65,3806505,0,1.0,-1.088120092952364,-0.3846937455071681,-5.084082096608853
FORCE,65,3806506,0,1.0,-9.770568054602506,-3.78951601048946,-46.14385596552481

BULKHEAD__GRID__AERO for LC065
GRID,3806507,0,12.55,-0.0002,0.1456
GRID,3806508,0,13.08,-0.0015,0.7126
GRID,3806509,0,13.505,0.0002,0.1344
GRID,3806510,0,13.93,0.0005,0.0398
GRID,3806511,0,14.53,0.0002,-0.029
GRID,3806512,0,14.535,0,-0.0185

BULKHEAD__FORCE__AERO for LC065
FORCE,65,3806507,0,1.0,3.70342498457297,-0.04157678813716693,6.24798424128433
FORCE,65,3806508,0,1.0,2.956737775078382,-0.03260338062554817,12.14869761186901
FORCE,65,3806509,0,1.0,1.18119954211275,-0.0184453376627719,8.39751415842865
FORCE,65,3806510,0,1.0,-0.7066059892760241,-0.01106720259766314,4.586607692772071
FORCE,65,3806511,0,1.0,-1.295161817510308,0.008773998455805013,0.1298152953347514
FORCE,65,3806512,0,1.0,-3.457952436866244,0.007278430537201885,-1.547912795754236

HT-VT__GRID_INERTIAL for LC065
GRID,3906501,0,14.29152702061045,0.0006616671618135762,1.819961532994339
GRID,3906502,0,15.26238993917813,-0.01546364581296504,3.100764533956303
GRID,3906503,0,14.94230853446131,0.3738708633988555,3.148615078377706

HT-VT__FORCE__INERTIAL for LC065
FORCE,65,3906501,0,1.0,-53.67598336433659,-126.8451737711707,-405.1740062411986
FORCE,65,3906502,0,1.0,-19.8397783302595,-133.8885823077178,-281.9175680837236
FORCE,65,3906503,0,1.0,-0.7288096980422238,-5.552858530951214,-10.92354397963034

HT-VT__MOMENT__INERTIAL for LC065
MOMENT,65,3906501,0,1.0,19.21504510867234,12.52068583383665,11.65710644125898
MOMENT,65,3906502,0,1.0,80.64612040617443,0.1424319629136934,-10.03253936863253
MOMENT,65,3906503,0,1.0,0,0,0

HT-VT__GRID__AERO for LC065
GRID,3906504,0,14.5693,-0.0649,2.24
GRID,3906505,0,15.0265,-1.326,3.1088
GRID,3906506,0,15.022,1.3274,3.1087

HT-VT__FORCE__AERO for LC065
FORCE,65,3906504,0,1.0,15.75331540928627,0.1994090558137503,2.642169989532191
FORCE,65,3906505,0,1.0,-4.556496925344194,-8.604500758363326,-190.3658551325967
FORCE,65,3906506,0,1.0,-4.327176511158381,8.534707588828512,-185.6598014153922

VF__GRID__INERTIAL for LC065
GRID,3956501,0,13.65,0,-0.5

VF__FORCE__INERTIAL for LC065
FORCE,65,3956501,0,1.0,-11.94481546710394,0.1566086573415522,-48.41336942278684

VF__MOMENT__INERTIAL for LC065
MOMENT,65,3956501,0,1.0,0,0,0

VF__GRID__AERO for LC065
GRID,3956502,0,13.8005,0.0007,-0.076

VF__FORCE__INERTIAL for LC065
FORCE,65,3956502,0,1.0,0.368906753255438,-0.01994090558137503,0.677990789766751

