BULKHEAD__GRID__INERTIAL for LC064
GRID,3806401,0,12.55,0.001624678659331315,-0.006779146668595562
GRID,3806402,0,13.08,-0.02149850890968878,0.02638549355449256
GRID,3806403,0,13.505,0,0
GRID,3806404,0,13.93,0,0
GRID,3806405,0,14.53,0,0
GRID,3806406,0,14.535,0,0.04901603498542274

BULKHEAD__FORCE__INERTIAL for LC064
FORCE,64,3806401,0,1.0,-30.57607482833987,-5.859429310072353,-142.2623092320513
FORCE,64,3806402,0,1.0,-14.90724784956213,-3.485065543357885,-72.75058005292853
FORCE,64,3806403,0,1.0,-7.702962716813975,-1.918207365695815,-38.34314572508382
FORCE,64,3806404,0,1.0,-13.64256828564694,-3.731503615019262,-69.81862029146514
FORCE,64,3806405,0,1.0,-1.237825488550503,-0.3813781380454882,-6.579458150810686
FORCE,64,3806406,0,1.0,-11.0507747959928,-3.620723518094715,-59.72098920456323

BULKHEAD__GRID__AERO for LC064
GRID,3806407,0,12.55,-0.0002,0.1456
GRID,3806408,0,13.08,-0.0015,0.7126
GRID,3806409,0,13.505,0.0002,0.1344
GRID,3806410,0,13.93,0.0005,0.0398
GRID,3806411,0,14.53,0.0002,-0.029
GRID,3806412,0,14.535,0,-0.0185

BULKHEAD__FORCE__AERO for LC064
FORCE,64,3806407,0,1.0,3.697290657356638,-0.04150792063638052,6.23763512392994
FORCE,64,3806408,0,1.0,2.951840255328212,-0.03254937661414012,12.12857459419918
FORCE,64,3806409,0,1.0,1.179243011460911,-0.01841478493460526,8.383604574768615
FORCE,64,3806410,0,1.0,-0.705435572062419,-0.01104887096076316,4.579010467901143
FORCE,64,3806411,0,1.0,-1.293016520543364,0.008759465266190614,0.1296002701884111
FORCE,64,3806412,0,1.0,-3.45222470865935,0.007266374595817213,-1.545348843836469

HT-VT__GRID_INERTIAL for LC064
GRID,3906401,0,14.29152702061045,0.0006616671618135762,1.819961532994339
GRID,3906402,0,15.26238993917813,-0.01546364581296504,3.100764533956303
GRID,3906403,0,14.94230853446131,0.3738708633988555,3.148615078377706

HT-VT__FORCE__INERTIAL for LC064
FORCE,64,3906401,0,1.0,-39.94538735582864,-81.06960224054512,-522.3049172770789
FORCE,64,3906402,0,1.0,1.356343906604721,-81.7774336796939,-368.6425828032357
FORCE,64,3906403,0,1.0,0.1608458940926309,-3.36917838038254,-14.65423195279852

HT-VT__MOMENT__INERTIAL for LC064
MOMENT,64,3906401,0,1.0,9.592326627926223,22.03380282736563,5.477101068033999
MOMENT,64,3906402,0,1.0,42.8444715670575,0.2504910726091377,-9.14276226471486
MOMENT,64,3906403,0,1.0,0,0,0

HT-VT__GRID__AERO for LC064
GRID,3906404,0,14.5693,-0.0649,2.24
GRID,3906405,0,15.0265,-1.326,3.1088
GRID,3906406,0,15.022,1.3274,3.1087

HT-VT__FORCE__AERO for LC064
FORCE,64,3906404,0,1.0,15.72722172793315,0.1990787560497867,2.637793517659673
FORCE,64,3906405,0,1.0,-4.548949575737626,-8.590248323548295,-190.0505344629289
FORCE,64,3906406,0,1.0,-4.320009006280371,8.52057075893087,-185.3522758201539

VF__GRID__INERTIAL for LC064
GRID,3956401,0,13.65,0,-0.5

VF__FORCE__INERTIAL for LC064
FORCE,64,3956401,0,1.0,-14.30245392600371,-1.411562410348161,-61.71290937058483

VF__MOMENT__INERTIAL for LC064
MOMENT,64,3956401,0,1.0,0,0,0

VF__GRID__AERO for LC064
GRID,3956402,0,13.8005,0.0007,-0.076

VF__FORCE__INERTIAL for LC064
FORCE,64,3956402,0,1.0,0.3682956986921053,-0.01990787560497867,0.6768677705692747

