BULKHEAD__GRID__INERTIAL for LC060
GRID,3806001,0,12.55,0.001624678659331315,-0.006779146668595562
GRID,3806002,0,13.08,-0.02149850890968878,0.02638549355449256
GRID,3806003,0,13.505,0,0
GRID,3806004,0,13.93,0,0
GRID,3806005,0,14.53,0,0
GRID,3806006,0,14.535,0,0.04901603498542274

BULKHEAD__FORCE__INERTIAL for LC060
FORCE,60,3806001,0,1.0,38.26893844802161,-0.2301961455393724,-114.1814260902007
FORCE,60,3806002,0,1.0,18.78964113671619,-0.117915425034604,-55.43435067770557
FORCE,60,3806003,0,1.0,9.656566657701266,-0.06409291917943258,-28.11459774613652
FORCE,60,3806004,0,1.0,17.10255844092676,-0.1183979175177345,-49.23175338849179
FORCE,60,3806005,0,1.0,1.551759339909347,-0.01136817972173834,-4.395004239615839
FORCE,60,3806006,0,1.0,14.02746547075082,-0.1008754796842084,-39.87515562983675

BULKHEAD__GRID__AERO for LC060
GRID,3806007,0,12.55,-0.0002,0.1456
GRID,3806008,0,13.08,-0.0015,0.7126
GRID,3806009,0,13.505,0.0002,0.1344
GRID,3806010,0,13.93,0.0005,0.0398
GRID,3806011,0,14.53,0.0002,-0.029
GRID,3806012,0,14.535,0,-0.0185

BULKHEAD__FORCE__AERO for LC060
FORCE,60,3806007,0,1.0,3.697290657356638,-0.04150792063638052,6.23763512392994
FORCE,60,3806008,0,1.0,2.951840255328212,-0.03254937661414012,12.12857459419918
FORCE,60,3806009,0,1.0,1.179243011460911,-0.01841478493460526,8.383604574768615
FORCE,60,3806010,0,1.0,-0.705435572062419,-0.01104887096076316,4.579010467901143
FORCE,60,3806011,0,1.0,-1.293016520543364,0.008759465266190614,0.1296002701884111
FORCE,60,3806012,0,1.0,-3.45222470865935,0.007266374595817213,-1.545348843836469

HT-VT__GRID_INERTIAL for LC060
GRID,3906001,0,14.29152702061045,0.0006616671618135762,1.819961532994339
GRID,3906002,0,15.26238993917813,-0.01546364581296504,3.100764533956303
GRID,3906003,0,14.94230853446131,0.3738708633988555,3.148615078377706

HT-VT__FORCE__INERTIAL for LC060
FORCE,60,3906001,0,1.0,107.4591639015957,-0.1285665053594891,-356.4434484507753
FORCE,60,3906002,0,1.0,63.19759627019334,0.2192848106664008,-230.6657401178614
FORCE,60,3906003,0,1.0,2.602105584120563,0.01036376926704326,-9.630047343252985

HT-VT__MOMENT__INERTIAL for LC060
MOMENT,60,3906001,0,1.0,-0.1830636511874784,-6.479192068326644,-0.12955276823752
MOMENT,60,3906002,0,1.0,-0.6355014091025166,-0.07364165703298216,-0.131900519716791
MOMENT,60,3906003,0,1.0,0,0,0

HT-VT__GRID__AERO for LC060
GRID,3906004,0,14.5693,-0.0649,2.24
GRID,3906005,0,15.0265,-1.326,3.1088
GRID,3906006,0,15.022,1.3274,3.1087

HT-VT__FORCE__AERO for LC060
FORCE,60,3906004,0,1.0,15.72722172793315,0.1990787560497867,2.637793517659673
FORCE,60,3906005,0,1.0,-4.548949575737626,-8.590248323548295,-190.0505344629289
FORCE,60,3906006,0,1.0,-4.320009006280371,8.52057075893087,-185.3522758201539

VF__GRID__INERTIAL for LC060
GRID,3956001,0,13.65,0,-0.5

VF__FORCE__INERTIAL for LC060
FORCE,60,3956001,0,1.0,15.98901475156867,-0.1296340948702836,-44.64768780180212

VF__MOMENT__INERTIAL for LC060
MOMENT,60,3956001,0,1.0,0,0,0

VF__GRID__AERO for LC060
GRID,3956002,0,13.8005,0.0007,-0.076

VF__FORCE__INERTIAL for LC060
FORCE,60,3956002,0,1.0,0.3682956986921053,-0.01990787560497867,0.6768677705692747

